0.0 1.000000 499.000000 
0.1 1.040710 498.959290 
0.2 1.083073 498.916927 
0.3 1.127156 498.872844 
0.4 1.173027 498.826973 
0.5 1.220760 498.779240 
0.6 1.270428 498.729572 
0.7 1.322111 498.677889 
0.8 1.375889 498.624111 
0.9 1.431847 498.568153 
1.0 1.490072 498.509928 
1.1 1.550655 498.449345 
1.2 1.613692 498.386308 
1.3 1.679281 498.320719 
1.4 1.747523 498.252477 
1.5 1.818526 498.181474 
1.6 1.892401 498.107599 
1.7 1.969261 498.030739 
1.8 2.049228 497.950772 
1.9 2.132424 497.867576 
2.0 2.218978 497.781022 
2.1 2.309026 497.690974 
2.2 2.402706 497.597294 
2.3 2.500163 497.499837 
2.4 2.601546 497.398454 
2.5 2.707013 497.292987 
2.6 2.816726 497.183274 
2.7 2.930852 497.069148 
2.8 3.049566 496.950434 
2.9 3.173051 496.826949 
3.0 3.301494 496.698506 
3.1 3.435092 496.564908 
3.2 3.574047 496.425953 
3.3 3.718570 496.281430 
3.4 3.868881 496.131119 
3.5 4.025205 495.974795 
3.6 4.187779 495.812221 
3.7 4.356847 495.643153 
3.8 4.532662 495.467338 
3.9 4.715488 495.284512 
4.0 4.905597 495.094403 
4.1 5.103270 494.896730 
4.2 5.308803 494.691197 
4.3 5.522497 494.477503 
4.4 5.744668 494.255332 
4.5 5.975641 494.024359 
4.6 6.215755 493.784245 
4.7 6.465358 493.534642 
4.8 6.724814 493.275186 
4.9 6.994496 493.005504 
5.0 7.274794 492.725206 
5.1 7.566108 492.433892 
5.2 7.868853 492.131147 
5.3 8.183460 491.816540 
5.4 8.510372 491.489628 
5.5 8.850049 491.149951 
5.6 9.202964 490.797036 
5.7 9.569609 490.430391 
5.8 9.950489 490.049511 
5.9 10.346126 489.653874 
6.0 10.757061 489.242939 
6.1 11.183848 488.816152 
6.2 11.627063 488.372937 
6.3 12.087296 487.912704 
6.4 12.565157 487.434843 
6.5 13.061274 486.938726 
6.6 13.576293 486.423707 
6.7 14.110879 485.889121 
6.8 14.665717 485.334283 
6.9 15.241508 484.758492 
7.0 15.838977 484.161023 
7.1 16.458865 483.541135 
7.2 17.101933 482.898067 
7.3 17.768962 482.231038 
7.4 18.460754 481.539246 
7.5 19.178127 480.821873 
7.6 19.921922 480.078078 
7.7 20.692996 479.307004 
7.8 21.492226 478.507774 
7.9 22.320509 477.679491 
8.0 23.178758 476.821242 
8.1 24.067905 475.932095 
8.2 24.988898 475.011102 
8.3 25.942702 474.057298 
8.4 26.930298 473.069702 
8.5 27.952680 472.047320 
8.6 29.010858 470.989142 
8.7 30.105852 469.894148 
8.8 31.238696 468.761304 
8.9 32.410433 467.589567 
9.0 33.622113 466.377887 
9.1 34.874795 465.125205 
9.2 36.169541 463.830459 
9.3 37.507418 462.492582 
9.4 38.889491 461.110509 
9.5 40.316828 459.683172 
9.6 41.790488 458.209512 
9.7 43.311527 456.688473 
9.8 44.880991 455.119009 
9.9 46.499913 453.500087 
10.0 48.169311 451.830689 
10.1 49.890183 450.109817 
10.2 51.663506 448.336494 
10.3 53.490232 446.509768 
10.4 55.371280 444.628720 
10.5 57.307537 442.692463 
10.6 59.299852 440.700148 
10.7 61.349031 438.650969 
10.8 63.455833 436.544167 
10.9 65.620965 434.379035 
11.0 67.845080 432.154920 
11.1 70.128768 429.871232 
11.2 72.472553 427.527447 
11.3 74.876890 425.123110 
11.4 77.342157 422.657843 
11.5 79.868652 420.131348 
11.6 82.456587 417.543413 
11.7 85.106085 414.893915 
11.8 87.817173 412.182827 
11.9 90.589778 409.410222 
12.0 93.423724 406.576276 
12.1 96.318728 403.681272 
12.2 99.274392 400.725608 
12.3 102.290204 397.709796 
12.4 105.365533 394.634467 
12.5 108.499624 391.500376 
12.6 111.691599 388.308401 
12.7 114.940451 385.059549 
12.8 118.245047 381.754953 
12.9 121.604122 378.395878 
13.0 125.016281 374.983719 
13.1 128.479997 371.520003 
13.2 131.993616 368.006384 
13.3 135.555351 364.444649 
13.4 139.163291 360.836709 
13.5 142.815399 357.184601 
13.6 146.509515 353.490485 
13.7 150.243365 349.756635 
13.8 154.014557 345.985443 
13.9 157.820593 342.179407 
14.0 161.658872 338.341128 
14.1 165.526698 334.473302 
14.2 169.421283 330.578717 
14.3 173.339759 326.660241 
14.4 177.279185 322.720815 
14.5 181.236553 318.763447 
14.6 185.208799 314.791201 
14.7 189.192814 310.807186 
14.8 193.185450 306.814550 
14.9 197.183530 302.816470 
15.0 201.183864 298.816136 
15.1 205.183250 294.816750 
15.2 209.178493 290.821507 
15.3 213.166408 286.833592 
15.4 217.143836 282.856164 
15.5 221.107649 278.892351 
15.6 225.054764 274.945236 
15.7 228.982150 271.017850 
15.8 232.886837 267.113163 
15.9 236.765926 263.234074 
16.0 240.616595 259.383405 
16.1 244.436111 255.563889 
16.2 248.221831 251.778169 
16.3 251.971217 248.028783 
16.4 255.681831 244.318169 
16.5 259.351352 240.648648 
16.6 262.977572 237.022428 
16.7 266.558403 233.441597 
16.8 270.091883 229.908117 
16.9 273.576174 226.423826 
17.0 277.009567 222.990433 
17.1 280.390483 219.609517 
17.2 283.717474 216.282526 
17.3 286.989222 213.010778 
17.4 290.204540 209.795460 
17.5 293.362369 206.637631 
17.6 296.461779 203.538221 
17.7 299.501965 200.498035 
17.8 302.482247 197.517753 
17.9 305.402063 194.597937 
18.0 308.260970 191.739030 
18.1 311.058638 188.941362 
18.2 313.794848 186.205152 
18.3 316.469486 183.530514 
18.4 319.082537 180.917463 
18.5 321.634088 178.365912 
18.6 324.124313 175.875687 
18.7 326.553477 173.446523 
18.8 328.921925 171.078075 
18.9 331.230081 168.769919 
19.0 333.478443 166.521557 
19.1 335.667573 164.332427 
19.2 337.798100 162.201900 
19.3 339.870708 160.129292 
19.4 341.886137 158.113863 
19.5 343.845173 156.154827 
19.6 345.748649 154.251351 
19.7 347.597436 152.402564 
19.8 349.392442 150.607558 
19.9 351.134605 148.865395 
20.0 352.824892 147.175108 
20.1 354.464293 145.535707 
20.2 356.053819 143.946181 
20.3 357.594497 142.405503 
20.4 359.087368 140.912632 
20.5 360.533483 139.466517 
20.6 361.933901 138.066099 
20.7 363.289688 136.710312 
20.8 364.601908 135.398092 
20.9 365.871630 134.128370 
21.0 367.099916 132.900084 
21.1 368.287828 131.712172 
21.2 369.436419 130.563581 
21.3 370.546736 129.453264 
21.4 371.619816 128.380184 
21.5 372.656686 127.343314 
21.6 373.658358 126.341642 
21.7 374.625834 125.374166 
21.8 375.560101 124.439899 
21.9 376.462130 123.537870 
22.0 377.332877 122.667123 
22.1 378.173279 121.826721 
22.2 378.984257 121.015743 
22.3 379.766716 120.233284 
22.4 380.521540 119.478460 
22.5 381.249594 118.750406 
22.6 381.951727 118.048273 
22.7 382.628765 117.371235 
22.8 383.281517 116.718483 
22.9 383.910772 116.089228 
23.0 384.517301 115.482699 
23.1 385.101851 114.898149 
23.2 385.665155 114.334845 
23.3 386.207922 113.792078 
23.4 386.730846 113.269154 
23.5 387.234599 112.765401 
23.6 387.719834 112.280166 
23.7 388.187187 111.812813 
23.8 388.637275 111.362725 
23.9 389.070697 110.929303 
24.0 389.488034 110.511966 
24.1 389.889848 110.110152 
24.2 390.276687 109.723313 
24.3 390.649080 109.350920 
24.4 391.007539 108.992461 
24.5 391.352560 108.647440 
24.6 391.684626 108.315374 
24.7 392.004201 107.995799 
24.8 392.311735 107.688265 
24.9 392.607663 107.392337 
25.0 392.892408 107.107592 
25.1 393.166375 106.833625 
25.2 393.429958 106.570042 
25.3 393.683539 106.316461 
25.4 393.927483 106.072517 
25.5 394.162145 105.837855 
25.6 394.387868 105.612132 
25.7 394.604984 105.395016 
25.8 394.813810 105.186190 
25.9 395.014655 104.985345 
26.0 395.207816 104.792184 
26.1 395.393581 104.606419 
26.2 395.572225 104.427775 
26.3 395.744016 104.255984 
26.4 395.909210 104.090790 
26.5 396.068057 103.931943 
26.6 396.220794 103.779206 
26.7 396.367652 103.632348 
26.8 396.508854 103.491146 
26.9 396.644613 103.355387 
27.0 396.775136 103.224864 
27.1 396.900621 103.099379 
27.2 397.021260 102.978740 
27.3 397.137238 102.862762 
27.4 397.248731 102.751269 
27.5 397.355910 102.644090 
27.6 397.458942 102.541058 
27.7 397.557983 102.442017 
27.8 397.653186 102.346814 
27.9 397.744699 102.255301 
28.0 397.832663 102.167337 
28.1 397.917214 102.082786 
28.2 397.998483 102.001517 
28.3 398.076597 101.923403 
28.4 398.151676 101.848324 
28.5 398.223837 101.776163 
28.6 398.293193 101.706807 
28.7 398.359853 101.640147 
28.8 398.423919 101.576081 
28.9 398.485492 101.514508 
29.0 398.544668 101.455332 
29.1 398.601540 101.398460 
29.2 398.656198 101.343802 
29.3 398.708726 101.291274 
29.4 398.759207 101.240793 
29.5 398.807720 101.192280 
29.6 398.854343 101.145657 
29.7 398.899147 101.100853 
29.8 398.942203 101.057797 
29.9 398.983580 101.016420 
30.0 399.023342 100.976658 
30.1 399.061553 100.938447 
30.2 399.098272 100.901728 
30.3 399.133557 100.866443 
30.4 399.167464 100.832536 
30.5 399.200048 100.799952 
30.6 399.231358 100.768642 
30.7 399.261445 100.738555 
30.8 399.290357 100.709643 
30.9 399.318138 100.681862 
31.0 399.344834 100.655166 
31.1 399.370487 100.629513 
31.2 399.395136 100.604864 
31.3 399.418822 100.581178 
31.4 399.441581 100.558419 
31.5 399.463451 100.536549 
31.6 399.484465 100.515535 
31.7 399.504657 100.495343 
31.8 399.524059 100.475941 
31.9 399.542702 100.457298 
32.0 399.560615 100.439385 
32.1 399.577828 100.422172 
32.2 399.594367 100.405633 
32.3 399.610259 100.389741 
32.4 399.625528 100.374472 
32.5 399.640200 100.359800 
32.6 399.654298 100.345702 
32.7 399.667844 100.332156 
32.8 399.680859 100.319141 
32.9 399.693365 100.306635 
33.0 399.705381 100.294619 
33.1 399.716926 100.283074 
33.2 399.728020 100.271980 
33.3 399.738679 100.261321 
33.4 399.748920 100.251080 
33.5 399.758760 100.241240 
33.6 399.768215 100.231785 
33.7 399.777300 100.222700 
33.8 399.786028 100.213972 
33.9 399.794415 100.205585 
34.0 399.802473 100.197527 
34.1 399.810216 100.189784 
34.2 399.817655 100.182345 
34.3 399.824803 100.175197 
34.4 399.831670 100.168330 
34.5 399.838269 100.161731 
34.6 399.844609 100.155391 
34.7 399.850700 100.149300 
34.8 399.856553 100.143447 
34.9 399.862176 100.137824 
35.0 399.867579 100.132421 
35.1 399.872771 100.127229 
35.2 399.877759 100.122241 
35.3 399.882551 100.117449 
35.4 399.887156 100.112844 
35.5 399.891580 100.108420 
35.6 399.895830 100.104170 
35.7 399.899914 100.100086 
35.8 399.903838 100.096162 
35.9 399.907608 100.092392 
36.0 399.911231 100.088769 
36.1 399.914711 100.085289 
36.2 399.918055 100.081945 
36.3 399.921268 100.078732 
36.4 399.924355 100.075645 
36.5 399.927321 100.072679 
36.6 399.930171 100.069829 
36.7 399.932909 100.067091 
36.8 399.935539 100.064461 
36.9 399.938067 100.061933 
37.0 399.940495 100.059505 
37.1 399.942828 100.057172 
37.2 399.945070 100.054930 
37.3 399.947224 100.052776 
37.4 399.949293 100.050707 
37.5 399.951281 100.048719 
37.6 399.953192 100.046808 
37.7 399.955027 100.044973 
37.8 399.956791 100.043209 
37.9 399.958485 100.041515 
38.0 399.960113 100.039887 
38.1 399.961677 100.038323 
38.2 399.963180 100.036820 
38.3 399.964623 100.035377 
38.4 399.966011 100.033989 
38.5 399.967343 100.032657 
38.6 399.968624 100.031376 
38.7 399.969854 100.030146 
38.8 399.971036 100.028964 
38.9 399.972172 100.027828 
39.0 399.973263 100.026737 
39.1 399.974312 100.025688 
39.2 399.975319 100.024681 
39.3 399.976287 100.023713 
39.4 399.977217 100.022783 
39.5 399.978110 100.021890 
39.6 399.978969 100.021031 
39.7 399.979793 100.020207 
39.8 399.980586 100.019414 
39.9 399.981347 100.018653 
40.0 399.982078 100.017922 
40.1 399.982781 100.017219 
40.2 399.983456 100.016544 
40.3 399.984105 100.015895 
40.4 399.984729 100.015271 
40.5 399.985327 100.014673 
40.6 399.985903 100.014097 
40.7 399.986456 100.013544 
40.8 399.986987 100.013013 
40.9 399.987497 100.012503 
41.0 399.987987 100.012013 
41.1 399.988458 100.011542 
41.2 399.988911 100.011089 
41.3 399.989346 100.010654 
41.4 399.989764 100.010236 
41.5 399.990165 100.009835 
41.6 399.990551 100.009449 
41.7 399.990921 100.009079 
41.8 399.991277 100.008723 
41.9 399.991619 100.008381 
42.0 399.991948 100.008052 
42.1 399.992264 100.007736 
42.2 399.992567 100.007433 
42.3 399.992859 100.007141 
42.4 399.993139 100.006861 
42.5 399.993408 100.006592 
42.6 399.993666 100.006334 
42.7 399.993915 100.006085 
42.8 399.994153 100.005847 
42.9 399.994383 100.005617 
43.0 399.994603 100.005397 
43.1 399.994814 100.005186 
43.2 399.995018 100.004982 
43.3 399.995213 100.004787 
43.4 399.995401 100.004599 
43.5 399.995581 100.004419 
43.6 399.995755 100.004245 
43.7 399.995921 100.004079 
43.8 399.996081 100.003919 
43.9 399.996235 100.003765 
44.0 399.996382 100.003618 
44.1 399.996524 100.003476 
44.2 399.996661 100.003339 
44.3 399.996791 100.003209 
44.4 399.996917 100.003083 
44.5 399.997038 100.002962 
44.6 399.997154 100.002846 
44.7 399.997266 100.002734 
44.8 399.997373 100.002627 
44.9 399.997476 100.002524 
45.0 399.997575 100.002425 
45.1 399.997670 100.002330 
45.2 399.997762 100.002238 
45.3 399.997849 100.002151 
45.4 399.997934 100.002066 
45.5 399.998015 100.001985 
45.6 399.998093 100.001907 
45.7 399.998167 100.001833 
45.8 399.998239 100.001761 
45.9 399.998308 100.001692 
46.0 399.998375 100.001625 
46.1 399.998438 100.001562 
46.2 399.998500 100.001500 
46.3 399.998558 100.001442 
46.4 399.998615 100.001385 
46.5 399.998669 100.001331 
46.6 399.998721 100.001279 
46.7 399.998772 100.001228 
46.8 399.998820 100.001180 
46.9 399.998866 100.001134 
47.0 399.998911 100.001089 
47.1 399.998953 100.001047 
47.2 399.998994 100.001006 
47.3 399.999034 100.000966 
47.4 399.999072 100.000928 
47.5 399.999108 100.000892 
47.6 399.999143 100.000857 
47.7 399.999177 100.000823 
47.8 399.999209 100.000791 
47.9 399.999240 100.000760 
48.0 399.999270 100.000730 
48.1 399.999298 100.000702 
48.2 399.999326 100.000674 
48.3 399.999352 100.000648 
48.4 399.999378 100.000622 
48.5 399.999402 100.000598 
48.6 399.999426 100.000574 
48.7 399.999448 100.000552 
48.8 399.999470 100.000530 
48.9 399.999491 100.000509 
49.0 399.999511 100.000489 
49.1 399.999530 100.000470 
49.2 399.999548 100.000452 
49.3 399.999566 100.000434 
49.4 399.999583 100.000417 
49.5 399.999599 100.000401 
49.6 399.999615 100.000385 
49.7 399.999630 100.000370 
49.8 399.999645 100.000355 
49.9 399.999659 100.000341 
50.0 399.999672 100.000328 
50.1 399.999685 100.000315 
50.2 399.999697 100.000303 
50.3 399.999709 100.000291 
50.4 399.999720 100.000280 
50.5 399.999731 100.000269 
50.6 399.999742 100.000258 
50.7 399.999752 100.000248 
50.8 399.999762 100.000238 
50.9 399.999771 100.000229 
51.0 399.999780 100.000220 
51.1 399.999789 100.000211 
51.2 399.999797 100.000203 
51.3 399.999805 100.000195 
51.4 399.999813 100.000187 
51.5 399.999820 100.000180 
51.6 399.999827 100.000173 
51.7 399.999834 100.000166 
51.8 399.999840 100.000160 
51.9 399.999847 100.000153 
52.0 399.999853 100.000147 
52.1 399.999858 100.000142 
52.2 399.999864 100.000136 
52.3 399.999869 100.000131 
52.4 399.999874 100.000126 
52.5 399.999879 100.000121 
52.6 399.999884 100.000116 
52.7 399.999889 100.000111 
52.8 399.999893 100.000107 
52.9 399.999897 100.000103 
53.0 399.999901 100.000099 
53.1 399.999905 100.000095 
53.2 399.999909 100.000091 
53.3 399.999912 100.000088 
53.4 399.999916 100.000084 
53.5 399.999919 100.000081 
53.6 399.999922 100.000078 
53.7 399.999925 100.000075 
53.8 399.999928 100.000072 
53.9 399.999931 100.000069 
54.0 399.999934 100.000066 
54.1 399.999936 100.000064 
54.2 399.999939 100.000061 
54.3 399.999941 100.000059 
54.4 399.999944 100.000056 
54.5 399.999946 100.000054 
54.6 399.999948 100.000052 
54.7 399.999950 100.000050 
54.8 399.999952 100.000048 
54.9 399.999954 100.000046 
55.0 399.999956 100.000044 
55.1 399.999957 100.000043 
55.2 399.999959 100.000041 
55.3 399.999961 100.000039 
55.4 399.999962 100.000038 
55.5 399.999964 100.000036 
55.6 399.999965 100.000035 
55.7 399.999966 100.000034 
55.8 399.999968 100.000032 
55.9 399.999969 100.000031 
56.0 399.999970 100.000030 
56.1 399.999971 100.000029 
56.2 399.999973 100.000027 
56.3 399.999974 100.000026 
56.4 399.999975 100.000025 
56.5 399.999976 100.000024 
56.6 399.999976 100.000024 
56.7 399.999976 100.000024 
56.8 399.999976 100.000024 
56.9 399.999976 100.000024 
57.0 399.999976 100.000024 
57.1 399.999976 100.000024 
57.2 399.999976 100.000024 
57.3 399.999976 100.000024 
57.4 399.999976 100.000024 
57.5 399.999976 100.000024 
57.6 399.999976 100.000024 
57.7 399.999976 100.000024 
57.8 399.999976 100.000024 
57.9 399.999976 100.000024 
58.0 399.999976 100.000024 
58.1 399.999976 100.000024 
58.2 399.999976 100.000024 
58.3 399.999976 100.000024 
58.4 399.999976 100.000024 
58.5 399.999976 100.000024 
58.6 399.999976 100.000024 
58.7 399.999976 100.000024 
58.8 399.999976 100.000024 
58.9 399.999976 100.000024 
59.0 399.999976 100.000024 
59.1 399.999976 100.000024 
59.2 399.999976 100.000024 
59.3 399.999976 100.000024 
59.4 399.999976 100.000024 
59.5 399.999976 100.000024 
59.6 399.999976 100.000024 
59.7 399.999976 100.000024 
59.8 399.999976 100.000024 
59.9 399.999976 100.000024 
60.0 399.999976 100.000024 
60.1 399.999976 100.000024 
60.2 399.999976 100.000024 
60.3 399.999976 100.000024 
60.4 399.999976 100.000024 
60.5 399.999976 100.000024 
60.6 399.999976 100.000024 
60.7 399.999976 100.000024 
60.8 399.999976 100.000024 
60.9 399.999976 100.000024 
61.0 399.999976 100.000024 
61.1 399.999976 100.000024 
61.2 399.999976 100.000024 
61.3 399.999976 100.000024 
61.4 399.999976 100.000024 
61.5 399.999976 100.000024 
61.6 399.999976 100.000024 
61.7 399.999976 100.000024 
61.8 399.999976 100.000024 
61.9 399.999976 100.000024 
62.0 399.999976 100.000024 
62.1 399.999976 100.000024 
62.2 399.999976 100.000024 
62.3 399.999976 100.000024 
62.4 399.999976 100.000024 
62.5 399.999976 100.000024 
62.6 399.999976 100.000024 
62.7 399.999976 100.000024 
62.8 399.999976 100.000024 
62.9 399.999976 100.000024 
63.0 399.999976 100.000024 
63.1 399.999976 100.000024 
63.2 399.999976 100.000024 
63.3 399.999976 100.000024 
63.4 399.999976 100.000024 
63.5 399.999976 100.000024 
63.6 399.999976 100.000024 
63.7 399.999976 100.000024 
63.8 399.999976 100.000024 
63.9 399.999976 100.000024 
64.0 399.999976 100.000024 
64.1 399.999976 100.000024 
64.2 399.999976 100.000024 
64.3 399.999976 100.000024 
64.4 399.999976 100.000024 
64.5 399.999976 100.000024 
64.6 399.999976 100.000024 
64.7 399.999976 100.000024 
64.8 399.999976 100.000024 
64.9 399.999976 100.000024 
65.0 399.999976 100.000024 
65.1 399.999976 100.000024 
65.2 399.999976 100.000024 
65.3 399.999976 100.000024 
65.4 399.999976 100.000024 
65.5 399.999976 100.000024 
65.6 399.999976 100.000024 
65.7 399.999976 100.000024 
65.8 399.999976 100.000024 
65.9 399.999976 100.000024 
66.0 399.999976 100.000024 
66.1 399.999976 100.000024 
66.2 399.999976 100.000024 
66.3 399.999976 100.000024 
66.4 399.999976 100.000024 
66.5 399.999976 100.000024 
66.6 399.999976 100.000024 
66.7 399.999976 100.000024 
66.8 399.999976 100.000024 
66.9 399.999976 100.000024 
67.0 399.999976 100.000024 
67.1 399.999976 100.000024 
67.2 399.999976 100.000024 
67.3 399.999976 100.000024 
67.4 399.999976 100.000024 
67.5 399.999976 100.000024 
67.6 399.999976 100.000024 
67.7 399.999976 100.000024 
67.8 399.999976 100.000024 
67.9 399.999976 100.000024 
68.0 399.999976 100.000024 
68.1 399.999976 100.000024 
68.2 399.999976 100.000024 
68.3 399.999976 100.000024 
68.4 399.999976 100.000024 
68.5 399.999976 100.000024 
68.6 399.999976 100.000024 
68.7 399.999976 100.000024 
68.8 399.999976 100.000024 
68.9 399.999976 100.000024 
69.0 399.999976 100.000024 
69.1 399.999976 100.000024 
69.2 399.999976 100.000024 
69.3 399.999976 100.000024 
69.4 399.999976 100.000024 
69.5 399.999976 100.000024 
69.6 399.999976 100.000024 
69.7 399.999976 100.000024 
69.8 399.999976 100.000024 
69.9 399.999976 100.000024 
70.0 399.999976 100.000024 
70.1 399.999976 100.000024 
70.2 399.999976 100.000024 
70.3 399.999976 100.000024 
70.4 399.999976 100.000024 
70.5 399.999976 100.000024 
70.6 399.999976 100.000024 
70.7 399.999976 100.000024 
70.8 399.999976 100.000024 
70.9 399.999976 100.000024 
71.0 399.999976 100.000024 
71.1 399.999976 100.000024 
71.2 399.999976 100.000024 
71.3 399.999976 100.000024 
71.4 399.999976 100.000024 
71.5 399.999976 100.000024 
71.6 399.999976 100.000024 
71.7 399.999976 100.000024 
71.8 399.999976 100.000024 
71.9 399.999976 100.000024 
72.0 399.999976 100.000024 
72.1 399.999976 100.000024 
72.2 399.999976 100.000024 
72.3 399.999976 100.000024 
72.4 399.999976 100.000024 
72.5 399.999976 100.000024 
72.6 399.999976 100.000024 
72.7 399.999976 100.000024 
72.8 399.999976 100.000024 
72.9 399.999976 100.000024 
73.0 399.999976 100.000024 
73.1 399.999976 100.000024 
73.2 399.999976 100.000024 
73.3 399.999976 100.000024 
73.4 399.999976 100.000024 
73.5 399.999976 100.000024 
73.6 399.999976 100.000024 
73.7 399.999976 100.000024 
73.8 399.999976 100.000024 
73.9 399.999976 100.000024 
74.0 399.999976 100.000024 
74.1 399.999976 100.000024 
74.2 399.999976 100.000024 
74.3 399.999976 100.000024 
74.4 399.999976 100.000024 
74.5 399.999976 100.000024 
74.6 399.999976 100.000024 
74.7 399.999976 100.000024 
74.8 399.999976 100.000024 
74.9 399.999976 100.000024 
75.0 399.999976 100.000024 
75.1 399.999976 100.000024 
75.2 399.999976 100.000024 
75.3 399.999976 100.000024 
75.4 399.999976 100.000024 
75.5 399.999976 100.000024 
75.6 399.999976 100.000024 
75.7 399.999976 100.000024 
75.8 399.999976 100.000024 
75.9 399.999976 100.000024 
76.0 399.999976 100.000024 
76.1 399.999976 100.000024 
76.2 399.999976 100.000024 
76.3 399.999976 100.000024 
76.4 399.999976 100.000024 
76.5 399.999976 100.000024 
76.6 399.999976 100.000024 
76.7 399.999976 100.000024 
76.8 399.999976 100.000024 
76.9 399.999976 100.000024 
77.0 399.999976 100.000024 
77.1 399.999976 100.000024 
77.2 399.999976 100.000024 
77.3 399.999976 100.000024 
77.4 399.999976 100.000024 
77.5 399.999976 100.000024 
77.6 399.999976 100.000024 
77.7 399.999976 100.000024 
77.8 399.999976 100.000024 
77.9 399.999976 100.000024 
78.0 399.999976 100.000024 
78.1 399.999976 100.000024 
78.2 399.999976 100.000024 
78.3 399.999976 100.000024 
78.4 399.999976 100.000024 
78.5 399.999976 100.000024 
78.6 399.999976 100.000024 
78.7 399.999976 100.000024 
78.8 399.999976 100.000024 
78.9 399.999976 100.000024 
79.0 399.999976 100.000024 
79.1 399.999976 100.000024 
79.2 399.999976 100.000024 
79.3 399.999976 100.000024 
79.4 399.999976 100.000024 
79.5 399.999976 100.000024 
79.6 399.999976 100.000024 
79.7 399.999976 100.000024 
79.8 399.999976 100.000024 
79.9 399.999976 100.000024 
80.0 399.999976 100.000024 
80.1 399.999976 100.000024 
80.2 399.999976 100.000024 
80.3 399.999976 100.000024 
80.4 399.999976 100.000024 
80.5 399.999976 100.000024 
80.6 399.999976 100.000024 
80.7 399.999976 100.000024 
80.8 399.999976 100.000024 
80.9 399.999976 100.000024 
81.0 399.999976 100.000024 
81.1 399.999976 100.000024 
81.2 399.999976 100.000024 
81.3 399.999976 100.000024 
81.4 399.999976 100.000024 
81.5 399.999976 100.000024 
81.6 399.999976 100.000024 
81.7 399.999976 100.000024 
81.8 399.999976 100.000024 
81.9 399.999976 100.000024 
82.0 399.999976 100.000024 
82.1 399.999976 100.000024 
82.2 399.999976 100.000024 
82.3 399.999976 100.000024 
82.4 399.999976 100.000024 
82.5 399.999976 100.000024 
82.6 399.999976 100.000024 
82.7 399.999976 100.000024 
82.8 399.999976 100.000024 
82.9 399.999976 100.000024 
83.0 399.999976 100.000024 
83.1 399.999976 100.000024 
83.2 399.999976 100.000024 
83.3 399.999976 100.000024 
83.4 399.999976 100.000024 
83.5 399.999976 100.000024 
83.6 399.999976 100.000024 
83.7 399.999976 100.000024 
83.8 399.999976 100.000024 
83.9 399.999976 100.000024 
84.0 399.999976 100.000024 
84.1 399.999976 100.000024 
84.2 399.999976 100.000024 
84.3 399.999976 100.000024 
84.4 399.999976 100.000024 
84.5 399.999976 100.000024 
84.6 399.999976 100.000024 
84.7 399.999976 100.000024 
84.8 399.999976 100.000024 
84.9 399.999976 100.000024 
85.0 399.999976 100.000024 
85.1 399.999976 100.000024 
85.2 399.999976 100.000024 
85.3 399.999976 100.000024 
85.4 399.999976 100.000024 
85.5 399.999976 100.000024 
85.6 399.999976 100.000024 
85.7 399.999976 100.000024 
85.8 399.999976 100.000024 
85.9 399.999976 100.000024 
86.0 399.999976 100.000024 
86.1 399.999976 100.000024 
86.2 399.999976 100.000024 
86.3 399.999976 100.000024 
86.4 399.999976 100.000024 
86.5 399.999976 100.000024 
86.6 399.999976 100.000024 
86.7 399.999976 100.000024 
86.8 399.999976 100.000024 
86.9 399.999976 100.000024 
87.0 399.999976 100.000024 
87.1 399.999976 100.000024 
87.2 399.999976 100.000024 
87.3 399.999976 100.000024 
87.4 399.999976 100.000024 
87.5 399.999976 100.000024 
87.6 399.999976 100.000024 
87.7 399.999976 100.000024 
87.8 399.999976 100.000024 
87.9 399.999976 100.000024 
88.0 399.999976 100.000024 
88.1 399.999976 100.000024 
88.2 399.999976 100.000024 
88.3 399.999976 100.000024 
88.4 399.999976 100.000024 
88.5 399.999976 100.000024 
88.6 399.999976 100.000024 
88.7 399.999976 100.000024 
88.8 399.999976 100.000024 
88.9 399.999976 100.000024 
89.0 399.999976 100.000024 
89.1 399.999976 100.000024 
89.2 399.999976 100.000024 
89.3 399.999976 100.000024 
89.4 399.999976 100.000024 
89.5 399.999976 100.000024 
89.6 399.999976 100.000024 
89.7 399.999976 100.000024 
89.8 399.999976 100.000024 
89.9 399.999976 100.000024 
90.0 399.999976 100.000024 
90.1 399.999976 100.000024 
90.2 399.999976 100.000024 
90.3 399.999976 100.000024 
90.4 399.999976 100.000024 
90.5 399.999976 100.000024 
90.6 399.999976 100.000024 
90.7 399.999976 100.000024 
90.8 399.999976 100.000024 
90.9 399.999976 100.000024 
91.0 399.999976 100.000024 
91.1 399.999976 100.000024 
91.2 399.999976 100.000024 
91.3 399.999976 100.000024 
91.4 399.999976 100.000024 
91.5 399.999976 100.000024 
91.6 399.999976 100.000024 
91.7 399.999976 100.000024 
91.8 399.999976 100.000024 
91.9 399.999976 100.000024 
92.0 399.999976 100.000024 
92.1 399.999976 100.000024 
92.2 399.999976 100.000024 
92.3 399.999976 100.000024 
92.4 399.999976 100.000024 
92.5 399.999976 100.000024 
92.6 399.999976 100.000024 
92.7 399.999976 100.000024 
92.8 399.999976 100.000024 
92.9 399.999976 100.000024 
93.0 399.999976 100.000024 
93.1 399.999976 100.000024 
93.2 399.999976 100.000024 
93.3 399.999976 100.000024 
93.4 399.999976 100.000024 
93.5 399.999976 100.000024 
93.6 399.999976 100.000024 
93.7 399.999976 100.000024 
93.8 399.999976 100.000024 
93.9 399.999976 100.000024 
94.0 399.999976 100.000024 
94.1 399.999976 100.000024 
94.2 399.999976 100.000024 
94.3 399.999976 100.000024 
94.4 399.999976 100.000024 
94.5 399.999976 100.000024 
94.6 399.999976 100.000024 
94.7 399.999976 100.000024 
94.8 399.999976 100.000024 
94.9 399.999976 100.000024 
95.0 399.999976 100.000024 
95.1 399.999976 100.000024 
95.2 399.999976 100.000024 
95.3 399.999976 100.000024 
95.4 399.999976 100.000024 
95.5 399.999976 100.000024 
95.6 399.999976 100.000024 
95.7 399.999976 100.000024 
95.8 399.999976 100.000024 
95.9 399.999976 100.000024 
96.0 399.999976 100.000024 
96.1 399.999976 100.000024 
96.2 399.999976 100.000024 
96.3 399.999976 100.000024 
96.4 399.999976 100.000024 
96.5 399.999976 100.000024 
96.6 399.999976 100.000024 
96.7 399.999976 100.000024 
96.8 399.999976 100.000024 
96.9 399.999976 100.000024 
97.0 399.999976 100.000024 
97.1 399.999976 100.000024 
97.2 399.999976 100.000024 
97.3 399.999976 100.000024 
97.4 399.999976 100.000024 
97.5 399.999976 100.000024 
97.6 399.999976 100.000024 
97.7 399.999976 100.000024 
97.8 399.999976 100.000024 
97.9 399.999976 100.000024 
98.0 399.999976 100.000024 
98.1 399.999976 100.000024 
98.2 399.999976 100.000024 
98.3 399.999976 100.000024 
98.4 399.999976 100.000024 
98.5 399.999976 100.000024 
98.6 399.999976 100.000024 
98.7 399.999976 100.000024 
98.8 399.999976 100.000024 
98.9 399.999976 100.000024 
99.0 399.999976 100.000024 
99.1 399.999976 100.000024 
99.2 399.999976 100.000024 
99.3 399.999976 100.000024 
99.4 399.999976 100.000024 
99.5 399.999976 100.000024 
99.6 399.999976 100.000024 
99.7 399.999976 100.000024 
99.8 399.999976 100.000024 
99.9 399.999976 100.000024 
100.0 399.999976 100.000024 
