0.0 1.000000 499.000000 
0.1 1.040710 498.959290 
0.2 1.083073 498.916927 
0.3 1.127155 498.872845 
0.4 1.173027 498.826973 
0.5 1.220759 498.779241 
0.6 1.270428 498.729572 
0.7 1.322110 498.677890 
0.8 1.375888 498.624112 
0.9 1.431846 498.568154 
1.0 1.490070 498.509930 
1.1 1.550654 498.449346 
1.2 1.613690 498.386310 
1.3 1.679278 498.320722 
1.4 1.747521 498.252479 
1.5 1.818523 498.181477 
1.6 1.892397 498.107603 
1.7 1.969258 498.030742 
1.8 2.049223 497.950777 
1.9 2.132419 497.867581 
2.0 2.218973 497.781027 
2.1 2.309020 497.690980 
2.2 2.402699 497.597301 
2.3 2.500155 497.499845 
2.4 2.601538 497.398462 
2.5 2.707004 497.292996 
2.6 2.816716 497.183284 
2.7 2.930840 497.069160 
2.8 3.049554 496.950446 
2.9 3.173037 496.826963 
3.0 3.301479 496.698521 
3.1 3.435075 496.564925 
3.2 3.574029 496.425971 
3.3 3.718550 496.281450 
3.4 3.868859 496.131141 
3.5 4.025181 495.974819 
3.6 4.187753 495.812247 
3.7 4.356818 495.643182 
3.8 4.532631 495.467369 
3.9 4.715453 495.284547 
4.0 4.905559 495.094441 
4.1 5.103229 494.896771 
4.2 5.308757 494.691243 
4.3 5.522448 494.477552 
4.4 5.744614 494.255386 
4.5 5.975582 494.024418 
4.6 6.215691 493.784309 
4.7 6.465289 493.534711 
4.8 6.724738 493.275262 
4.9 6.994414 493.005586 
5.0 7.274704 492.725296 
5.1 7.566010 492.433990 
5.2 7.868747 492.131253 
5.3 8.183345 491.816655 
5.4 8.510247 491.489753 
5.5 8.849913 491.150087 
5.6 9.202817 490.797183 
5.7 9.569449 490.430551 
5.8 9.950315 490.049685 
5.9 10.345938 489.654062 
6.0 10.756856 489.243144 
6.1 11.183627 488.816373 
6.2 11.626823 488.373177 
6.3 12.087036 487.912964 
6.4 12.564876 487.435124 
6.5 13.060969 486.939031 
6.6 13.575963 486.424037 
6.7 14.110522 485.889478 
6.8 14.665330 485.334670 
6.9 15.241091 484.758909 
7.0 15.838525 484.161475 
7.1 16.458377 483.541623 
7.2 17.101405 482.898595 
7.3 17.768393 482.231607 
7.4 18.460139 481.539861 
7.5 19.177463 480.822537 
7.6 19.921205 480.078795 
7.7 20.692222 479.307778 
7.8 21.491392 478.508608 
7.9 22.319610 477.680390 
8.0 23.177789 476.822211 
8.1 24.066861 475.933139 
8.2 24.987774 475.012226 
8.3 25.941492 474.058508 
8.4 26.928995 473.071005 
8.5 27.951278 472.048722 
8.6 29.009350 470.990650 
8.7 30.104231 469.895769 
8.8 31.236954 468.763046 
8.9 32.408561 467.591439 
9.0 33.620103 466.379897 
9.1 34.872637 465.127363 
9.2 36.167226 463.832774 
9.3 37.504935 462.495065 
9.4 38.886830 461.113170 
9.5 40.313976 459.686024 
9.6 41.787434 458.212566 
9.7 43.308258 456.691742 
9.8 44.877493 455.122507 
9.9 46.496173 453.503827 
10.0 48.165313 451.834687 
10.1 49.885912 450.114088 
10.2 51.658947 448.341053 
10.3 53.485366 446.514634 
10.4 55.366091 444.633909 
10.5 57.302007 442.697993 
10.6 59.293962 440.706038 
10.7 61.342761 438.657239 
10.8 63.449163 436.550837 
10.9 65.613874 434.386126 
11.0 67.837547 432.162453 
11.1 70.120771 429.879229 
11.2 72.464069 427.535931 
11.3 74.867897 425.132103 
11.4 77.332630 422.667370 
11.5 79.858568 420.141432 
11.6 82.445922 417.554078 
11.7 85.094813 414.905187 
11.8 87.805270 412.194730 
11.9 90.577220 409.422780 
12.0 93.410487 406.589513 
12.1 96.304786 403.695214 
12.2 99.259721 400.740279 
12.3 102.274780 397.725220 
12.4 105.349331 394.650669 
12.5 108.482622 391.517378 
12.6 111.673775 388.326225 
12.7 114.921783 385.078217 
12.8 118.225515 381.774485 
12.9 121.583706 378.416294 
13.0 124.994962 375.005038 
13.1 128.457760 371.542240 
13.2 131.970444 368.029556 
13.3 135.531232 364.468768 
13.4 139.138213 360.861787 
13.5 142.789352 357.210648 
13.6 146.482493 353.517507 
13.7 150.215362 349.784638 
13.8 153.985570 346.014430 
13.9 157.790622 342.209378 
14.0 161.627919 338.372081 
14.1 165.494768 334.505232 
14.2 169.388384 330.611616 
14.3 173.305902 326.694098 
14.4 177.244382 322.755618 
14.5 181.200821 318.799179 
14.6 185.172157 314.827843 
14.7 189.155283 310.844717 
14.8 193.147055 306.852945 
14.9 197.144299 302.855701 
15.0 201.143826 298.856174 
15.1 205.142438 294.857562 
15.2 209.136942 290.863058 
15.3 213.124155 286.875845 
15.4 217.100921 282.899079 
15.5 221.064114 278.935886 
15.6 225.010653 274.989347 
15.7 228.937507 271.062493 
15.8 232.841709 267.158291 
15.9 236.720361 263.279639 
16.0 240.570643 259.429357 
16.1 244.389821 255.610179 
16.2 248.175256 251.824744 
16.3 251.924406 248.075594 
16.4 255.634837 244.365163 
16.5 259.304225 240.695775 
16.6 262.930364 237.069636 
16.7 266.511166 233.488834 
16.8 270.044666 229.955334 
16.9 273.529028 226.470972 
17.0 276.962540 223.037460 
17.1 280.343624 219.656376 
17.2 283.670829 216.329171 
17.3 286.942835 213.057165 
17.4 290.158455 209.841545 
17.5 293.316628 206.683372 
17.6 296.416422 203.583578 
17.7 299.457031 200.542969 
17.8 302.437771 197.562229 
17.9 305.358080 194.641920 
18.0 308.217512 191.782488 
18.1 311.015736 188.984264 
18.2 313.752529 186.247471 
18.3 316.427776 183.572224 
18.4 319.041461 180.958539 
18.5 321.593667 178.406333 
18.6 324.084567 175.915433 
18.7 326.514423 173.485577 
18.8 328.883579 171.116421 
18.9 331.192457 168.807543 
19.0 333.441552 166.558448 
19.1 335.631425 164.368575 
19.2 337.762703 162.237297 
19.3 339.836068 160.163932 
19.4 341.852259 158.147741 
19.5 343.812060 156.187940 
19.6 345.716303 154.283697 
19.7 347.565857 152.434143 
19.8 349.361628 150.638372 
19.9 351.104554 148.895446 
20.0 352.795600 147.204400 
20.1 354.435755 145.564245 
20.2 356.026029 143.973971 
20.3 357.567447 142.432553 
20.4 359.061052 140.938948 
20.5 360.507891 139.492109 
20.6 361.909026 138.090974 
20.7 363.265518 136.734482 
20.8 364.578433 135.421567 
20.9 365.848838 134.151162 
21.0 367.077797 132.922203 
21.1 368.266369 131.733631 
21.2 369.415608 130.584392 
21.3 370.526560 129.473440 
21.4 371.600262 128.399738 
21.5 372.637740 127.362260 
21.6 373.640008 126.359992 
21.7 374.608067 125.391933 
21.8 375.542902 124.457098 
21.9 376.445486 123.554514 
22.0 377.316774 122.683226 
22.1 378.157704 121.842296 
22.2 378.969197 121.030803 
22.3 379.752156 120.247844 
22.4 380.507467 119.492533 
22.5 381.235995 118.764005 
22.6 381.938588 118.061412 
22.7 382.616074 117.383926 
22.8 383.269262 116.730738 
22.9 383.898940 116.101060 
23.0 384.505878 115.494122 
23.1 385.090826 114.909174 
23.2 385.654515 114.345485 
23.3 386.197657 113.802343 
23.4 386.720943 113.279057 
23.5 387.225047 112.774953 
23.6 387.710622 112.289378 
23.7 388.178304 111.821696 
23.8 388.628711 111.371289 
23.9 389.062441 110.937559 
24.0 389.480076 110.519924 
24.1 389.882179 110.117821 
24.2 390.269297 109.730703 
24.3 390.641958 109.358042 
24.4 391.000678 108.999322 
24.5 391.345951 108.654049 
24.6 391.678260 108.321740 
24.7 391.998069 108.001931 
24.8 392.305830 107.694170 
24.9 392.601977 107.398023 
25.0 392.886932 107.113068 
25.1 393.161103 106.838897 
25.2 393.424883 106.575117 
25.3 393.678653 106.321347 
25.4 393.922780 106.077220 
25.5 394.157619 105.842381 
25.6 394.383512 105.616488 
25.7 394.600791 105.399209 
25.8 394.809775 105.190225 
25.9 395.010773 104.989227 
26.0 395.204081 104.795919 
26.1 395.389987 104.610013 
26.2 395.568768 104.431232 
26.3 395.740690 104.259310 
26.4 395.906010 104.093990 
26.5 396.064978 103.935022 
26.6 396.217833 103.782167 
26.7 396.364804 103.635196 
26.8 396.506115 103.493885 
26.9 396.641979 103.358021 
27.0 396.772602 103.227398 
27.1 396.898185 103.101815 
27.2 397.018917 102.981083 
27.3 397.134984 102.865016 
27.4 397.246564 102.753436 
27.5 397.353827 102.646173 
27.6 397.456938 102.543062 
27.7 397.556056 102.443944 
27.8 397.651334 102.348666 
27.9 397.742918 102.257082 
28.0 397.830951 102.169049 
28.1 397.915568 102.084432 
28.2 397.996901 102.003099 
28.3 398.075076 101.924924 
28.4 398.150213 101.849787 
28.5 398.222431 101.777569 
28.6 398.291842 101.708158 
28.7 398.358554 101.641446 
28.8 398.422670 101.577330 
28.9 398.484292 101.515708 
29.0 398.543514 101.456486 
29.1 398.600432 101.399568 
29.2 398.655132 101.344868 
29.3 398.707701 101.292299 
29.4 398.758222 101.241778 
29.5 398.806774 101.193226 
29.6 398.853433 101.146567 
29.7 398.898272 101.101728 
29.8 398.941363 101.058637 
29.9 398.982773 101.017227 
30.0 399.022566 100.977434 
30.1 399.060807 100.939193 
30.2 399.097555 100.902445 
30.3 399.132868 100.867132 
30.4 399.166802 100.833198 
30.5 399.199411 100.800589 
30.6 399.230747 100.769253 
30.7 399.260858 100.739142 
30.8 399.289792 100.710208 
30.9 399.317596 100.682404 
31.0 399.344313 100.655687 
31.1 399.369985 100.630015 
31.2 399.394655 100.605345 
31.3 399.418359 100.581641 
31.4 399.441137 100.558863 
31.5 399.463023 100.536977 
31.6 399.484054 100.515946 
31.7 399.504262 100.495738 
31.8 399.523680 100.476320 
31.9 399.542338 100.457662 
32.0 399.560265 100.439735 
32.1 399.577492 100.422508 
32.2 399.594044 100.405956 
32.3 399.609948 100.390052 
32.4 399.625230 100.374770 
32.5 399.639913 100.360087 
32.6 399.654022 100.345978 
32.7 399.667579 100.332421 
32.8 399.680604 100.319396 
32.9 399.693120 100.306880 
33.0 399.705146 100.294854 
33.1 399.716701 100.283299 
33.2 399.727803 100.272197 
33.3 399.738470 100.261530 
33.4 399.748720 100.251280 
33.5 399.758568 100.241432 
33.6 399.768030 100.231970 
33.7 399.777122 100.222878 
33.8 399.785858 100.214142 
33.9 399.794251 100.205749 
34.0 399.802316 100.197684 
34.1 399.810064 100.189936 
34.2 399.817509 100.182491 
34.3 399.824663 100.175337 
34.4 399.831536 100.168464 
34.5 399.838140 100.161860 
34.6 399.844485 100.155515 
34.7 399.850581 100.149419 
34.8 399.856438 100.143562 
34.9 399.862066 100.137934 
35.0 399.867474 100.132526 
35.1 399.872669 100.127331 
35.2 399.877661 100.122339 
35.3 399.882457 100.117543 
35.4 399.887065 100.112935 
35.5 399.891493 100.108507 
35.6 399.895747 100.104253 
35.7 399.899834 100.100166 
35.8 399.903762 100.096238 
35.9 399.907535 100.092465 
36.0 399.911160 100.088840 
36.1 399.914643 100.085357 
36.2 399.917990 100.082010 
36.3 399.921205 100.078795 
36.4 399.924295 100.075705 
36.5 399.927263 100.072737 
36.6 399.930115 100.069885 
36.7 399.932855 100.067145 
36.8 399.935488 100.064512 
36.9 399.938017 100.061983 
37.0 399.940448 100.059552 
37.1 399.942783 100.057217 
37.2 399.945026 100.054974 
37.3 399.947182 100.052818 
37.4 399.949253 100.050747 
37.5 399.951243 100.048757 
37.6 399.953154 100.046846 
37.7 399.954991 100.045009 
37.8 399.956756 100.043244 
37.9 399.958452 100.041548 
38.0 399.960081 100.039919 
38.1 399.961646 100.038354 
38.2 399.963150 100.036850 
38.3 399.964595 100.035405 
38.4 399.965983 100.034017 
38.5 399.967317 100.032683 
38.6 399.968599 100.031401 
38.7 399.969830 100.030170 
38.8 399.971013 100.028987 
38.9 399.972150 100.027850 
39.0 399.973242 100.026758 
39.1 399.974291 100.025709 
39.2 399.975299 100.024701 
39.3 399.976268 100.023732 
39.4 399.977199 100.022801 
39.5 399.978093 100.021907 
39.6 399.978952 100.021048 
39.7 399.979777 100.020223 
39.8 399.980570 100.019430 
39.9 399.981332 100.018668 
40.0 399.982064 100.017936 
40.1 399.982767 100.017233 
40.2 399.983443 100.016557 
40.3 399.984093 100.015907 
40.4 399.984716 100.015284 
40.5 399.985316 100.014684 
40.6 399.985891 100.014109 
40.7 399.986445 100.013555 
40.8 399.986976 100.013024 
40.9 399.987487 100.012513 
41.0 399.987978 100.012022 
41.1 399.988449 100.011551 
41.2 399.988902 100.011098 
41.3 399.989337 100.010663 
41.4 399.989755 100.010245 
41.5 399.990157 100.009843 
41.6 399.990543 100.009457 
41.7 399.990914 100.009086 
41.8 399.991270 100.008730 
41.9 399.991613 100.008387 
42.0 399.991942 100.008058 
42.1 399.992258 100.007742 
42.2 399.992561 100.007439 
42.3 399.992853 100.007147 
42.4 399.993133 100.006867 
42.5 399.993402 100.006598 
42.6 399.993661 100.006339 
42.7 399.993910 100.006090 
42.8 399.994149 100.005851 
42.9 399.994378 100.005622 
43.0 399.994599 100.005401 
43.1 399.994810 100.005190 
43.2 399.995014 100.004986 
43.3 399.995209 100.004791 
43.4 399.995397 100.004603 
43.5 399.995578 100.004422 
43.6 399.995751 100.004249 
43.7 399.995918 100.004082 
43.8 399.996078 100.003922 
43.9 399.996232 100.003768 
44.0 399.996379 100.003621 
44.1 399.996521 100.003479 
44.2 399.996658 100.003342 
44.3 399.996789 100.003211 
44.4 399.996915 100.003085 
44.5 399.997036 100.002964 
44.6 399.997152 100.002848 
44.7 399.997264 100.002736 
44.8 399.997371 100.002629 
44.9 399.997474 100.002526 
45.0 399.997573 100.002427 
45.1 399.997668 100.002332 
45.2 399.997760 100.002240 
45.3 399.997848 100.002152 
45.4 399.997932 100.002068 
45.5 399.998013 100.001987 
45.6 399.998091 100.001909 
45.7 399.998166 100.001834 
45.8 399.998238 100.001762 
45.9 399.998307 100.001693 
46.0 399.998373 100.001627 
46.1 399.998437 100.001563 
46.2 399.998498 100.001502 
46.3 399.998557 100.001443 
46.4 399.998614 100.001386 
46.5 399.998668 100.001332 
46.6 399.998720 100.001280 
46.7 399.998771 100.001229 
46.8 399.998819 100.001181 
46.9 399.998865 100.001135 
47.0 399.998910 100.001090 
47.1 399.998952 100.001048 
47.2 399.998994 100.001006 
47.3 399.999033 100.000967 
47.4 399.999071 100.000929 
47.5 399.999107 100.000893 
47.6 399.999142 100.000858 
47.7 399.999176 100.000824 
47.8 399.999208 100.000792 
47.9 399.999239 100.000761 
48.0 399.999269 100.000731 
48.1 399.999298 100.000702 
48.2 399.999325 100.000675 
48.3 399.999352 100.000648 
48.4 399.999377 100.000623 
48.5 399.999402 100.000598 
48.6 399.999425 100.000575 
48.7 399.999448 100.000552 
48.8 399.999469 100.000531 
48.9 399.999490 100.000510 
49.0 399.999510 100.000490 
49.1 399.999529 100.000471 
49.2 399.999548 100.000452 
49.3 399.999566 100.000434 
49.4 399.999583 100.000417 
49.5 399.999599 100.000401 
49.6 399.999615 100.000385 
49.7 399.999630 100.000370 
49.8 399.999644 100.000356 
49.9 399.999658 100.000342 
50.0 399.999672 100.000328 
50.1 399.999685 100.000315 
50.2 399.999697 100.000303 
50.3 399.999709 100.000291 
50.4 399.999720 100.000280 
50.5 399.999731 100.000269 
50.6 399.999742 100.000258 
50.7 399.999752 100.000248 
50.8 399.999762 100.000238 
50.9 399.999771 100.000229 
51.0 399.999780 100.000220 
51.1 399.999789 100.000211 
51.2 399.999797 100.000203 
51.3 399.999805 100.000195 
51.4 399.999812 100.000188 
51.5 399.999820 100.000180 
51.6 399.999827 100.000173 
51.7 399.999834 100.000166 
51.8 399.999840 100.000160 
51.9 399.999846 100.000154 
52.0 399.999852 100.000148 
52.1 399.999858 100.000142 
52.2 399.999864 100.000136 
52.3 399.999869 100.000131 
52.4 399.999874 100.000126 
52.5 399.999879 100.000121 
52.6 399.999884 100.000116 
52.7 399.999889 100.000111 
52.8 399.999893 100.000107 
52.9 399.999897 100.000103 
53.0 399.999901 100.000099 
53.1 399.999905 100.000095 
53.2 399.999909 100.000091 
53.3 399.999912 100.000088 
53.4 399.999916 100.000084 
53.5 399.999919 100.000081 
53.6 399.999922 100.000078 
53.7 399.999925 100.000075 
53.8 399.999928 100.000072 
53.9 399.999931 100.000069 
54.0 399.999934 100.000066 
54.1 399.999936 100.000064 
54.2 399.999939 100.000061 
54.3 399.999941 100.000059 
54.4 399.999944 100.000056 
54.5 399.999946 100.000054 
54.6 399.999948 100.000052 
54.7 399.999950 100.000050 
54.8 399.999952 100.000048 
54.9 399.999954 100.000046 
55.0 399.999956 100.000044 
55.1 399.999957 100.000043 
55.2 399.999959 100.000041 
55.3 399.999961 100.000039 
55.4 399.999962 100.000038 
55.5 399.999964 100.000036 
55.6 399.999965 100.000035 
55.7 399.999966 100.000034 
55.8 399.999968 100.000032 
55.9 399.999969 100.000031 
56.0 399.999970 100.000030 
56.1 399.999971 100.000029 
56.2 399.999973 100.000027 
56.3 399.999974 100.000026 
56.4 399.999975 100.000025 
56.5 399.999976 100.000024 
56.6 399.999977 100.000023 
56.7 399.999977 100.000023 
56.8 399.999978 100.000022 
56.9 399.999979 100.000021 
57.0 399.999980 100.000020 
57.1 399.999981 100.000019 
57.2 399.999982 100.000018 
57.3 399.999982 100.000018 
57.4 399.999983 100.000017 
57.5 399.999984 100.000016 
57.6 399.999984 100.000016 
57.7 399.999985 100.000015 
57.8 399.999986 100.000014 
57.9 399.999986 100.000014 
58.0 399.999987 100.000013 
58.1 399.999987 100.000013 
58.2 399.999988 100.000012 
58.3 399.999988 100.000012 
58.4 399.999989 100.000011 
58.5 399.999989 100.000011 
58.6 399.999989 100.000011 
58.7 399.999990 100.000010 
58.8 399.999990 100.000010 
58.9 399.999991 100.000009 
59.0 399.999991 100.000009 
59.1 399.999991 100.000009 
59.2 399.999992 100.000008 
59.3 399.999992 100.000008 
59.4 399.999992 100.000008 
59.5 399.999993 100.000007 
59.6 399.999993 100.000007 
59.7 399.999993 100.000007 
59.8 399.999993 100.000007 
59.9 399.999994 100.000006 
60.0 399.999994 100.000006 
60.1 399.999994 100.000006 
60.2 399.999994 100.000006 
60.3 399.999995 100.000005 
60.4 399.999995 100.000005 
60.5 399.999995 100.000005 
60.6 399.999995 100.000005 
60.7 399.999995 100.000005 
60.8 399.999996 100.000004 
60.9 399.999996 100.000004 
61.0 399.999996 100.000004 
61.1 399.999996 100.000004 
61.2 399.999996 100.000004 
61.3 399.999996 100.000004 
61.4 399.999997 100.000003 
61.5 399.999997 100.000003 
61.6 399.999997 100.000003 
61.7 399.999997 100.000003 
61.8 399.999997 100.000003 
61.9 399.999997 100.000003 
62.0 399.999997 100.000003 
62.1 399.999997 100.000003 
62.2 399.999998 100.000002 
62.3 399.999998 100.000002 
62.4 399.999998 100.000002 
62.5 399.999998 100.000002 
62.6 399.999998 100.000002 
62.7 399.999998 100.000002 
62.8 399.999998 100.000002 
62.9 399.999998 100.000002 
63.0 399.999998 100.000002 
63.1 399.999998 100.000002 
63.2 399.999998 100.000002 
63.3 399.999998 100.000002 
63.4 399.999998 100.000002 
63.5 399.999999 100.000001 
63.6 399.999999 100.000001 
63.7 399.999999 100.000001 
63.8 399.999999 100.000001 
63.9 399.999999 100.000001 
64.0 399.999999 100.000001 
64.1 399.999999 100.000001 
64.2 399.999999 100.000001 
64.3 399.999999 100.000001 
64.4 399.999999 100.000001 
64.5 399.999999 100.000001 
64.6 399.999999 100.000001 
64.7 399.999999 100.000001 
64.8 399.999999 100.000001 
64.9 399.999999 100.000001 
65.0 399.999999 100.000001 
65.1 399.999999 100.000001 
65.2 399.999999 100.000001 
65.3 399.999999 100.000001 
65.4 399.999999 100.000001 
65.5 399.999999 100.000001 
65.6 399.999999 100.000001 
65.7 399.999999 100.000001 
65.8 399.999999 100.000001 
65.9 399.999999 100.000001 
66.0 399.999999 100.000001 
66.1 399.999999 100.000001 
66.2 399.999999 100.000001 
66.3 400.000000 100.000000 
66.4 400.000000 100.000000 
66.5 400.000000 100.000000 
66.6 400.000000 100.000000 
66.7 400.000000 100.000000 
66.8 400.000000 100.000000 
66.9 400.000000 100.000000 
67.0 400.000000 100.000000 
67.1 400.000000 100.000000 
67.2 400.000000 100.000000 
67.3 400.000000 100.000000 
67.4 400.000000 100.000000 
67.5 400.000000 100.000000 
67.6 400.000000 100.000000 
67.7 400.000000 100.000000 
67.8 400.000000 100.000000 
67.9 400.000000 100.000000 
68.0 400.000000 100.000000 
68.1 400.000000 100.000000 
68.2 400.000000 100.000000 
68.3 400.000000 100.000000 
68.4 400.000000 100.000000 
68.5 400.000000 100.000000 
68.6 400.000000 100.000000 
68.7 400.000000 100.000000 
68.8 400.000000 100.000000 
68.9 400.000000 100.000000 
69.0 400.000000 100.000000 
69.1 400.000000 100.000000 
69.2 400.000000 100.000000 
69.3 400.000000 100.000000 
69.4 400.000000 100.000000 
69.5 400.000000 100.000000 
69.6 400.000000 100.000000 
69.7 400.000000 100.000000 
69.8 400.000000 100.000000 
69.9 400.000000 100.000000 
70.0 400.000000 100.000000 
70.1 400.000000 100.000000 
70.2 400.000000 100.000000 
70.3 400.000000 100.000000 
70.4 400.000000 100.000000 
70.5 400.000000 100.000000 
70.6 400.000000 100.000000 
70.7 400.000000 100.000000 
70.8 400.000000 100.000000 
70.9 400.000000 100.000000 
71.0 400.000000 100.000000 
71.1 400.000000 100.000000 
71.2 400.000000 100.000000 
71.3 400.000000 100.000000 
71.4 400.000000 100.000000 
71.5 400.000000 100.000000 
71.6 400.000000 100.000000 
71.7 400.000000 100.000000 
71.8 400.000000 100.000000 
71.9 400.000000 100.000000 
72.0 400.000000 100.000000 
72.1 400.000000 100.000000 
72.2 400.000000 100.000000 
72.3 400.000000 100.000000 
72.4 400.000000 100.000000 
72.5 400.000000 100.000000 
72.6 400.000000 100.000000 
72.7 400.000000 100.000000 
72.8 400.000000 100.000000 
72.9 400.000000 100.000000 
73.0 400.000000 100.000000 
73.1 400.000000 100.000000 
73.2 400.000000 100.000000 
73.3 400.000000 100.000000 
73.4 400.000000 100.000000 
73.5 400.000000 100.000000 
73.6 400.000000 100.000000 
73.7 400.000000 100.000000 
73.8 400.000000 100.000000 
73.9 400.000000 100.000000 
74.0 400.000000 100.000000 
74.1 400.000000 100.000000 
74.2 400.000000 100.000000 
74.3 400.000000 100.000000 
74.4 400.000000 100.000000 
74.5 400.000000 100.000000 
74.6 400.000000 100.000000 
74.7 400.000000 100.000000 
74.8 400.000000 100.000000 
74.9 400.000000 100.000000 
75.0 400.000000 100.000000 
75.1 400.000000 100.000000 
75.2 400.000000 100.000000 
75.3 400.000000 100.000000 
75.4 400.000000 100.000000 
75.5 400.000000 100.000000 
75.6 400.000000 100.000000 
75.7 400.000000 100.000000 
75.8 400.000000 100.000000 
75.9 400.000000 100.000000 
76.0 400.000000 100.000000 
76.1 400.000000 100.000000 
76.2 400.000000 100.000000 
76.3 400.000000 100.000000 
76.4 400.000000 100.000000 
76.5 400.000000 100.000000 
76.6 400.000000 100.000000 
76.7 400.000000 100.000000 
76.8 400.000000 100.000000 
76.9 400.000000 100.000000 
77.0 400.000000 100.000000 
77.1 400.000000 100.000000 
77.2 400.000000 100.000000 
77.3 400.000000 100.000000 
77.4 400.000000 100.000000 
77.5 400.000000 100.000000 
77.6 400.000000 100.000000 
77.7 400.000000 100.000000 
77.8 400.000000 100.000000 
77.9 400.000000 100.000000 
78.0 400.000000 100.000000 
78.1 400.000000 100.000000 
78.2 400.000000 100.000000 
78.3 400.000000 100.000000 
78.4 400.000000 100.000000 
78.5 400.000000 100.000000 
78.6 400.000000 100.000000 
78.7 400.000000 100.000000 
78.8 400.000000 100.000000 
78.9 400.000000 100.000000 
79.0 400.000000 100.000000 
79.1 400.000000 100.000000 
79.2 400.000000 100.000000 
79.3 400.000000 100.000000 
79.4 400.000000 100.000000 
79.5 400.000000 100.000000 
79.6 400.000000 100.000000 
79.7 400.000000 100.000000 
79.8 400.000000 100.000000 
79.9 400.000000 100.000000 
80.0 400.000000 100.000000 
80.1 400.000000 100.000000 
80.2 400.000000 100.000000 
80.3 400.000000 100.000000 
80.4 400.000000 100.000000 
80.5 400.000000 100.000000 
80.6 400.000000 100.000000 
80.7 400.000000 100.000000 
80.8 400.000000 100.000000 
80.9 400.000000 100.000000 
81.0 400.000000 100.000000 
81.1 400.000000 100.000000 
81.2 400.000000 100.000000 
81.3 400.000000 100.000000 
81.4 400.000000 100.000000 
81.5 400.000000 100.000000 
81.6 400.000000 100.000000 
81.7 400.000000 100.000000 
81.8 400.000000 100.000000 
81.9 400.000000 100.000000 
82.0 400.000000 100.000000 
82.1 400.000000 100.000000 
82.2 400.000000 100.000000 
82.3 400.000000 100.000000 
82.4 400.000000 100.000000 
82.5 400.000000 100.000000 
82.6 400.000000 100.000000 
82.7 400.000000 100.000000 
82.8 400.000000 100.000000 
82.9 400.000000 100.000000 
83.0 400.000000 100.000000 
83.1 400.000000 100.000000 
83.2 400.000000 100.000000 
83.3 400.000000 100.000000 
83.4 400.000000 100.000000 
83.5 400.000000 100.000000 
83.6 400.000000 100.000000 
83.7 400.000000 100.000000 
83.8 400.000000 100.000000 
83.9 400.000000 100.000000 
84.0 400.000000 100.000000 
84.1 400.000000 100.000000 
84.2 400.000000 100.000000 
84.3 400.000000 100.000000 
84.4 400.000000 100.000000 
84.5 400.000000 100.000000 
84.6 400.000000 100.000000 
84.7 400.000000 100.000000 
84.8 400.000000 100.000000 
84.9 400.000000 100.000000 
85.0 400.000000 100.000000 
85.1 400.000000 100.000000 
85.2 400.000000 100.000000 
85.3 400.000000 100.000000 
85.4 400.000000 100.000000 
85.5 400.000000 100.000000 
85.6 400.000000 100.000000 
85.7 400.000000 100.000000 
85.8 400.000000 100.000000 
85.9 400.000000 100.000000 
86.0 400.000000 100.000000 
86.1 400.000000 100.000000 
86.2 400.000000 100.000000 
86.3 400.000000 100.000000 
86.4 400.000000 100.000000 
86.5 400.000000 100.000000 
86.6 400.000000 100.000000 
86.7 400.000000 100.000000 
86.8 400.000000 100.000000 
86.9 400.000000 100.000000 
87.0 400.000000 100.000000 
87.1 400.000000 100.000000 
87.2 400.000000 100.000000 
87.3 400.000000 100.000000 
87.4 400.000000 100.000000 
87.5 400.000000 100.000000 
87.6 400.000000 100.000000 
87.7 400.000000 100.000000 
87.8 400.000000 100.000000 
87.9 400.000000 100.000000 
88.0 400.000000 100.000000 
88.1 400.000000 100.000000 
88.2 400.000000 100.000000 
88.3 400.000000 100.000000 
88.4 400.000000 100.000000 
88.5 400.000000 100.000000 
88.6 400.000000 100.000000 
88.7 400.000000 100.000000 
88.8 400.000000 100.000000 
88.9 400.000000 100.000000 
89.0 400.000000 100.000000 
89.1 400.000000 100.000000 
89.2 400.000000 100.000000 
89.3 400.000000 100.000000 
89.4 400.000000 100.000000 
89.5 400.000000 100.000000 
89.6 400.000000 100.000000 
89.7 400.000000 100.000000 
89.8 400.000000 100.000000 
89.9 400.000000 100.000000 
90.0 400.000000 100.000000 
90.1 400.000000 100.000000 
90.2 400.000000 100.000000 
90.3 400.000000 100.000000 
90.4 400.000000 100.000000 
90.5 400.000000 100.000000 
90.6 400.000000 100.000000 
90.7 400.000000 100.000000 
90.8 400.000000 100.000000 
90.9 400.000000 100.000000 
91.0 400.000000 100.000000 
91.1 400.000000 100.000000 
91.2 400.000000 100.000000 
91.3 400.000000 100.000000 
91.4 400.000000 100.000000 
91.5 400.000000 100.000000 
91.6 400.000000 100.000000 
91.7 400.000000 100.000000 
91.8 400.000000 100.000000 
91.9 400.000000 100.000000 
92.0 400.000000 100.000000 
92.1 400.000000 100.000000 
92.2 400.000000 100.000000 
92.3 400.000000 100.000000 
92.4 400.000000 100.000000 
92.5 400.000000 100.000000 
92.6 400.000000 100.000000 
92.7 400.000000 100.000000 
92.8 400.000000 100.000000 
92.9 400.000000 100.000000 
93.0 400.000000 100.000000 
93.1 400.000000 100.000000 
93.2 400.000000 100.000000 
93.3 400.000000 100.000000 
93.4 400.000000 100.000000 
93.5 400.000000 100.000000 
93.6 400.000000 100.000000 
93.7 400.000000 100.000000 
93.8 400.000000 100.000000 
93.9 400.000000 100.000000 
94.0 400.000000 100.000000 
94.1 400.000000 100.000000 
94.2 400.000000 100.000000 
94.3 400.000000 100.000000 
94.4 400.000000 100.000000 
94.5 400.000000 100.000000 
94.6 400.000000 100.000000 
94.7 400.000000 100.000000 
94.8 400.000000 100.000000 
94.9 400.000000 100.000000 
95.0 400.000000 100.000000 
95.1 400.000000 100.000000 
95.2 400.000000 100.000000 
95.3 400.000000 100.000000 
95.4 400.000000 100.000000 
95.5 400.000000 100.000000 
95.6 400.000000 100.000000 
95.7 400.000000 100.000000 
95.8 400.000000 100.000000 
95.9 400.000000 100.000000 
96.0 400.000000 100.000000 
96.1 400.000000 100.000000 
96.2 400.000000 100.000000 
96.3 400.000000 100.000000 
96.4 400.000000 100.000000 
96.5 400.000000 100.000000 
96.6 400.000000 100.000000 
96.7 400.000000 100.000000 
96.8 400.000000 100.000000 
96.9 400.000000 100.000000 
97.0 400.000000 100.000000 
97.1 400.000000 100.000000 
97.2 400.000000 100.000000 
97.3 400.000000 100.000000 
97.4 400.000000 100.000000 
97.5 400.000000 100.000000 
97.6 400.000000 100.000000 
97.7 400.000000 100.000000 
97.8 400.000000 100.000000 
97.9 400.000000 100.000000 
98.0 400.000000 100.000000 
98.1 400.000000 100.000000 
98.2 400.000000 100.000000 
98.3 400.000000 100.000000 
98.4 400.000000 100.000000 
98.5 400.000000 100.000000 
98.6 400.000000 100.000000 
98.7 400.000000 100.000000 
98.8 400.000000 100.000000 
98.9 400.000000 100.000000 
99.0 400.000000 100.000000 
99.1 400.000000 100.000000 
99.2 400.000000 100.000000 
99.3 400.000000 100.000000 
99.4 400.000000 100.000000 
99.5 400.000000 100.000000 
99.6 400.000000 100.000000 
99.7 400.000000 100.000000 
99.8 400.000000 100.000000 
99.9 400.000000 100.000000 
100.0 400.000000 100.000000 
