0.0 1.000000 499.000000 
0.1 1.040705 498.959295 
0.2 1.083062 498.916938 
0.3 1.127138 498.872862 
0.4 1.173002 498.826998 
0.5 1.220727 498.779273 
0.6 1.270388 498.729612 
0.7 1.322062 498.677938 
0.8 1.375831 498.624169 
0.9 1.431778 498.568222 
1.0 1.489993 498.510007 
1.1 1.550565 498.449435 
1.2 1.613589 498.386411 
1.3 1.679165 498.320835 
1.4 1.747393 498.252607 
1.5 1.818381 498.181619 
1.6 1.892240 498.107760 
1.7 1.969084 498.030916 
1.8 2.049032 497.950968 
1.9 2.132209 497.867791 
2.0 2.218743 497.781257 
2.1 2.308769 497.691231 
2.2 2.402426 497.597574 
2.3 2.499858 497.500142 
2.4 2.601216 497.398784 
2.5 2.706655 497.293345 
2.6 2.816338 497.183662 
2.7 2.930433 497.069567 
2.8 3.049114 496.950886 
2.9 3.172564 496.827436 
3.0 3.300970 496.699030 
3.1 3.434529 496.565471 
3.2 3.573442 496.426558 
3.3 3.717922 496.282078 
3.4 3.868186 496.131814 
3.5 4.024461 495.975539 
3.6 4.186983 495.813017 
3.7 4.355997 495.644003 
3.8 4.531754 495.468246 
3.9 4.714519 495.285481 
4.0 4.904563 495.095437 
4.1 5.102169 494.897831 
4.2 5.307629 494.692371 
4.3 5.521248 494.478752 
4.4 5.743339 494.256661 
4.5 5.974228 494.025772 
4.6 6.214253 493.785747 
4.7 6.463763 493.536237 
4.8 6.723121 493.276879 
4.9 6.992700 493.007300 
5.0 7.272889 492.727111 
5.1 7.564088 492.435912 
5.2 7.866713 492.133287 
5.3 8.181194 491.818806 
5.4 8.507973 491.492027 
5.5 8.847510 491.152490 
5.6 9.200279 490.799721 
5.7 9.566769 490.433231 
5.8 9.947487 490.052513 
5.9 10.342954 489.657046 
6.0 10.753710 489.246290 
6.1 11.180311 488.819689 
6.2 11.623330 488.376670 
6.3 12.083357 487.916643 
6.4 12.561003 487.438997 
6.5 13.056894 486.943106 
6.6 13.571676 486.428324 
6.7 14.106014 485.893986 
6.8 14.660592 485.339408 
6.9 15.236113 484.763887 
7.0 15.833297 484.166703 
7.1 16.452888 483.547112 
7.2 17.095646 482.904354 
7.3 17.762351 482.237649 
7.4 18.453804 481.546196 
7.5 19.170823 480.829177 
7.6 19.914248 480.085752 
7.7 20.684937 479.315063 
7.8 21.483765 478.516235 
7.9 22.311629 477.688371 
8.0 23.169441 476.830559 
8.1 24.058133 475.941867 
8.2 24.978652 475.021348 
8.3 25.931962 474.068038 
8.4 26.919044 473.080956 
8.5 27.940893 472.059107 
8.6 28.998515 471.001485 
8.7 30.092933 469.907067 
8.8 31.225179 468.774821 
8.9 32.396294 467.603706 
9.0 33.607330 466.392670 
9.1 34.859344 465.140656 
9.2 36.153398 463.846602 
9.3 37.490557 462.509443 
9.4 38.871889 461.128111 
9.5 40.298458 459.701542 
9.6 41.771325 458.228675 
9.7 43.291546 456.708454 
9.8 44.860164 455.139836 
9.9 46.478214 453.521786 
10.0 48.146713 451.853287 
10.1 49.866659 450.133341 
10.2 51.639030 448.360970 
10.3 53.464776 446.535224 
10.4 55.344817 444.655183 
10.5 57.280041 442.719959 
10.6 59.271296 440.728704 
10.7 61.319389 438.680611 
10.8 63.425079 436.574921 
10.9 65.589074 434.410926 
11.0 67.812027 432.187973 
11.1 70.094528 429.905472 
11.2 72.437104 427.562896 
11.3 74.840209 425.159791 
11.4 77.304223 422.695777 
11.5 79.829444 420.170556 
11.6 82.416087 417.583913 
11.7 85.064275 414.935725 
11.8 87.774036 412.225964 
11.9 90.545301 409.454699 
12.0 93.377894 406.622106 
12.1 96.271533 403.728467 
12.2 99.225824 400.774176 
12.3 102.240257 397.759743 
12.4 105.314201 394.685799 
12.5 108.446905 391.553095 
12.6 111.637494 388.362506 
12.7 114.884963 385.115037 
12.8 118.188181 381.811819 
12.9 121.545886 378.454114 
13.0 124.956686 375.043314 
13.1 128.419057 371.580943 
13.2 131.931347 368.068653 
13.3 135.491773 364.508227 
13.4 139.098427 360.901573 
13.5 142.749274 357.250726 
13.6 146.442160 353.557840 
13.7 150.174809 349.825191 
13.8 153.944835 346.055165 
13.9 157.749744 342.250256 
14.0 161.586936 338.413064 
14.1 165.453718 334.546282 
14.2 169.347305 330.652695 
14.3 173.264832 326.735168 
14.4 177.203360 322.796640 
14.5 181.159883 318.840117 
14.6 185.131341 314.868659 
14.7 189.114625 310.885375 
14.8 193.106589 306.893411 
14.9 197.104059 302.895941 
15.0 201.103846 298.896154 
15.1 205.102749 294.897251 
15.2 209.097575 290.902425 
15.3 213.085139 286.914861 
15.4 217.062282 282.937718 
15.5 221.025879 278.974121 
15.6 224.972845 275.027155 
15.7 228.900149 271.099851 
15.8 232.804822 267.195178 
15.9 236.683964 263.316036 
16.0 240.534753 259.465247 
16.1 244.354454 255.645546 
16.2 248.140425 251.859575 
16.3 251.890124 248.109876 
16.4 255.601114 244.398886 
16.5 259.271071 240.728929 
16.6 262.897786 237.102214 
16.7 266.479169 233.520831 
16.8 270.013255 229.986745 
16.9 273.498206 226.501794 
17.0 276.932309 223.067691 
17.1 280.313984 219.686016 
17.2 283.641780 216.358220 
17.3 286.914377 213.085623 
17.4 290.130583 209.869417 
17.5 293.289340 206.710660 
17.6 296.389713 203.610287 
17.7 299.430896 200.569104 
17.8 302.412205 197.587795 
17.9 305.333076 194.666924 
18.0 308.193064 191.806936 
18.1 310.991836 189.008164 
18.2 313.729170 186.270830 
18.3 316.404950 183.595050 
18.4 319.019159 180.980841 
18.5 321.571881 178.428119 
18.6 324.063288 175.936712 
18.7 326.493642 173.506358 
18.8 328.863287 171.136713 
18.9 331.172646 168.827354 
19.0 333.422211 166.577789 
19.1 335.612547 164.387453 
19.2 337.744277 162.255723 
19.3 339.818087 160.181913 
19.4 341.834712 158.165288 
19.5 343.794939 156.205061 
19.6 345.699599 154.300401 
19.7 347.549561 152.450439 
19.8 349.345732 150.654268 
19.9 351.089049 148.910951 
20.0 352.780478 147.219522 
20.1 354.421007 145.578993 
20.2 356.011648 143.988352 
20.3 357.553425 142.446575 
20.4 359.047380 140.952620 
20.5 360.494563 139.505437 
20.6 361.896033 138.103967 
20.7 363.252853 136.747147 
20.8 364.566090 135.433910 
20.9 365.836809 134.163191 
21.0 367.066074 132.933926 
21.1 368.254946 131.745054 
21.2 369.404479 130.595521 
21.3 370.515718 129.484282 
21.4 371.589701 128.410299 
21.5 372.627453 127.372547 
21.6 373.629989 126.370011 
21.7 374.598310 125.401690 
21.8 375.533402 124.466598 
21.9 376.436236 123.563764 
22.0 377.307768 122.692232 
22.1 378.148937 121.851063 
22.2 378.960664 121.039336 
22.3 379.743851 120.256149 
22.4 380.499385 119.500615 
22.5 381.228131 118.771869 
22.6 381.930937 118.069063 
22.7 382.608631 117.391369 
22.8 383.262021 116.737979 
22.9 383.891897 116.108103 
23.0 384.499029 115.500971 
23.1 385.084166 114.915834 
23.2 385.648039 114.351961 
23.3 386.191361 113.808639 
23.4 386.714822 113.285178 
23.5 387.219097 112.780903 
23.6 387.704839 112.295161 
23.7 388.172684 111.827316 
23.8 388.623250 111.376750 
23.9 389.057135 110.942865 
24.0 389.474921 110.525079 
24.1 389.877171 110.122829 
24.2 390.264432 109.735568 
24.3 390.637234 109.362766 
24.4 390.996089 109.003911 
24.5 391.341496 108.658504 
24.6 391.673934 108.326066 
24.7 391.993869 108.006131 
24.8 392.301752 107.698248 
24.9 392.598019 107.401981 
25.0 392.883091 107.116909 
25.1 393.157375 106.842625 
25.2 393.421266 106.578734 
25.3 393.675143 106.324857 
25.4 393.919374 106.080626 
25.5 394.154314 105.845686 
25.6 394.380307 105.619693 
25.7 394.597682 105.402318 
25.8 394.806760 105.193240 
25.9 395.007848 104.992152 
26.0 395.201245 104.798755 
26.1 395.387237 104.612763 
26.2 395.566101 104.433899 
26.3 395.738104 104.261896 
26.4 395.903504 104.096496 
26.5 396.062549 103.937451 
26.6 396.215478 103.784522 
26.7 396.362522 103.637478 
26.8 396.503903 103.496097 
26.9 396.639835 103.360165 
27.0 396.770525 103.229475 
27.1 396.896172 103.103828 
27.2 397.016967 102.983033 
27.3 397.133095 102.866905 
27.4 397.244734 102.755266 
27.5 397.352054 102.647946 
27.6 397.455221 102.544779 
27.7 397.554393 102.445607 
27.8 397.649724 102.350276 
27.9 397.741359 102.258641 
28.0 397.829441 102.170559 
28.1 397.914106 102.085894 
28.2 397.995485 102.004515 
28.3 398.073705 101.926295 
28.4 398.148886 101.851114 
28.5 398.221147 101.778853 
28.6 398.290598 101.709402 
28.7 398.357350 101.642650 
28.8 398.421505 101.578495 
28.9 398.483164 101.516836 
29.0 398.542423 101.457577 
29.1 398.599375 101.400625 
29.2 398.654110 101.345890 
29.3 398.706712 101.293288 
29.4 398.757265 101.242735 
29.5 398.805848 101.194152 
29.6 398.852537 101.147463 
29.7 398.897406 101.102594 
29.8 398.940525 101.059475 
29.9 398.981962 101.018038 
30.0 399.021782 100.978218 
30.1 399.060048 100.939952 
30.2 399.096821 100.903179 
30.3 399.132158 100.867842 
30.4 399.166116 100.833884 
30.5 399.198747 100.801253 
30.6 399.230105 100.769895 
30.7 399.260237 100.739763 
30.8 399.289192 100.710808 
30.9 399.317015 100.682985 
31.0 399.343752 100.656248 
31.1 399.369443 100.630557 
31.2 399.394130 100.605870 
31.3 399.417852 100.582148 
31.4 399.440646 100.559354 
31.5 399.462549 100.537451 
31.6 399.483596 100.516404 
31.7 399.503819 100.496181 
31.8 399.523252 100.476748 
31.9 399.541924 100.458076 
32.0 399.559866 100.440134 
32.1 399.577105 100.422895 
32.2 399.593670 100.406330 
32.3 399.609587 100.390413 
32.4 399.624881 100.375119 
32.5 399.639576 100.360424 
32.6 399.653697 100.346303 
32.7 399.667264 100.332736 
32.8 399.680300 100.319700 
32.9 399.692826 100.307174 
33.0 399.704862 100.295138 
33.1 399.716426 100.283574 
33.2 399.727538 100.272462 
33.3 399.738214 100.261786 
33.4 399.748473 100.251527 
33.5 399.758329 100.241671 
33.6 399.767800 100.232200 
33.7 399.776899 100.223101 
33.8 399.785642 100.214358 
33.9 399.794043 100.205957 
34.0 399.802115 100.197885 
34.1 399.809870 100.190130 
34.2 399.817322 100.182678 
34.3 399.824482 100.175518 
34.4 399.831361 100.168639 
34.5 399.837971 100.162029 
34.6 399.844322 100.155678 
34.7 399.850424 100.149576 
34.8 399.856286 100.143714 
34.9 399.861920 100.138080 
35.0 399.867332 100.132668 
35.1 399.872532 100.127468 
35.2 399.877529 100.122471 
35.3 399.882330 100.117670 
35.4 399.886942 100.113058 
35.5 399.891374 100.108626 
35.6 399.895632 100.104368 
35.7 399.899724 100.100276 
35.8 399.903655 100.096345 
35.9 399.907431 100.092569 
36.0 399.911060 100.088940 
36.1 399.914547 100.085453 
36.2 399.917897 100.082103 
36.3 399.921116 100.078884 
36.4 399.924208 100.075792 
36.5 399.927179 100.072821 
36.6 399.930034 100.069966 
36.7 399.932777 100.067223 
36.8 399.935413 100.064587 
36.9 399.937945 100.062055 
37.0 399.940378 100.059622 
37.1 399.942715 100.057285 
37.2 399.944961 100.055039 
37.3 399.947119 100.052881 
37.4 399.949192 100.050808 
37.5 399.951184 100.048816 
37.6 399.953098 100.046902 
37.7 399.954937 100.045063 
37.8 399.956703 100.043297 
37.9 399.958401 100.041599 
38.0 399.960032 100.039968 
38.1 399.961599 100.038401 
38.2 399.963105 100.036895 
38.3 399.964551 100.035449 
38.4 399.965941 100.034059 
38.5 399.967276 100.032724 
38.6 399.968559 100.031441 
38.7 399.969792 100.030208 
38.8 399.970976 100.029024 
38.9 399.972114 100.027886 
39.0 399.973208 100.026792 
39.1 399.974258 100.025742 
39.2 399.975267 100.024733 
39.3 399.976237 100.023763 
39.4 399.977169 100.022831 
39.5 399.978064 100.021936 
39.6 399.978924 100.021076 
39.7 399.979750 100.020250 
39.8 399.980544 100.019456 
39.9 399.981307 100.018693 
40.0 399.982040 100.017960 
40.1 399.982744 100.017256 
40.2 399.983421 100.016579 
40.3 399.984071 100.015929 
40.4 399.984696 100.015304 
40.5 399.985296 100.014704 
40.6 399.985872 100.014128 
40.7 399.986426 100.013574 
40.8 399.986958 100.013042 
40.9 399.987470 100.012530 
41.0 399.987961 100.012039 
41.1 399.988433 100.011567 
41.2 399.988887 100.011113 
41.3 399.989322 100.010678 
41.4 399.989741 100.010259 
41.5 399.990143 100.009857 
41.6 399.990530 100.009470 
41.7 399.990901 100.009099 
41.8 399.991258 100.008742 
41.9 399.991601 100.008399 
42.0 399.991930 100.008070 
42.1 399.992246 100.007754 
42.2 399.992550 100.007450 
42.3 399.992842 100.007158 
42.4 399.993123 100.006877 
42.5 399.993393 100.006607 
42.6 399.993652 100.006348 
42.7 399.993901 100.006099 
42.8 399.994140 100.005860 
42.9 399.994370 100.005630 
43.0 399.994590 100.005410 
43.1 399.994803 100.005197 
43.2 399.995006 100.004994 
43.3 399.995202 100.004798 
43.4 399.995390 100.004610 
43.5 399.995571 100.004429 
43.6 399.995745 100.004255 
43.7 399.995912 100.004088 
43.8 399.996072 100.003928 
43.9 399.996226 100.003774 
44.0 399.996374 100.003626 
44.1 399.996516 100.003484 
44.2 399.996653 100.003347 
44.3 399.996784 100.003216 
44.4 399.996910 100.003090 
44.5 399.997031 100.002969 
44.6 399.997148 100.002852 
44.7 399.997259 100.002741 
44.8 399.997367 100.002633 
44.9 399.997470 100.002530 
45.0 399.997569 100.002431 
45.1 399.997665 100.002335 
45.2 399.997756 100.002244 
45.3 399.997844 100.002156 
45.4 399.997929 100.002071 
45.5 399.998010 100.001990 
45.6 399.998088 100.001912 
45.7 399.998163 100.001837 
45.8 399.998235 100.001765 
45.9 399.998304 100.001696 
46.0 399.998371 100.001629 
46.1 399.998435 100.001565 
46.2 399.998496 100.001504 
46.3 399.998555 100.001445 
46.4 399.998612 100.001388 
46.5 399.998666 100.001334 
46.6 399.998718 100.001282 
46.7 399.998769 100.001231 
46.8 399.998817 100.001183 
46.9 399.998863 100.001137 
47.0 399.998908 100.001092 
47.1 399.998951 100.001049 
47.2 399.998992 100.001008 
47.3 399.999031 100.000969 
47.4 399.999069 100.000931 
47.5 399.999106 100.000894 
47.6 399.999141 100.000859 
47.7 399.999175 100.000825 
47.8 399.999207 100.000793 
47.9 399.999238 100.000762 
48.0 399.999268 100.000732 
48.1 399.999297 100.000703 
48.2 399.999324 100.000676 
48.3 399.999351 100.000649 
48.4 399.999376 100.000624 
48.5 399.999401 100.000599 
48.6 399.999424 100.000576 
48.7 399.999447 100.000553 
48.8 399.999468 100.000532 
48.9 399.999489 100.000511 
49.0 399.999509 100.000491 
49.1 399.999528 100.000472 
49.2 399.999547 100.000453 
49.3 399.999565 100.000435 
49.4 399.999582 100.000418 
49.5 399.999598 100.000402 
49.6 399.999614 100.000386 
49.7 399.999629 100.000371 
49.8 399.999644 100.000356 
49.9 399.999658 100.000342 
50.0 399.999671 100.000329 
50.1 399.999684 100.000316 
50.2 399.999696 100.000304 
50.3 399.999708 100.000292 
50.4 399.999720 100.000280 
50.5 399.999731 100.000269 
50.6 399.999741 100.000259 
50.7 399.999751 100.000249 
50.8 399.999761 100.000239 
50.9 399.999770 100.000230 
51.0 399.999779 100.000221 
51.1 399.999788 100.000212 
51.2 399.999796 100.000204 
51.3 399.999804 100.000196 
51.4 399.999812 100.000188 
51.5 399.999819 100.000181 
51.6 399.999827 100.000173 
51.7 399.999833 100.000167 
51.8 399.999840 100.000160 
51.9 399.999846 100.000154 
52.0 399.999852 100.000148 
52.1 399.999858 100.000142 
52.2 399.999864 100.000136 
52.3 399.999869 100.000131 
52.4 399.999874 100.000126 
52.5 399.999879 100.000121 
52.6 399.999884 100.000116 
52.7 399.999888 100.000112 
52.8 399.999893 100.000107 
52.9 399.999897 100.000103 
53.0 399.999901 100.000099 
53.1 399.999905 100.000095 
53.2 399.999909 100.000091 
53.3 399.999912 100.000088 
53.4 399.999916 100.000084 
53.5 399.999919 100.000081 
53.6 399.999922 100.000078 
53.7 399.999925 100.000075 
53.8 399.999928 100.000072 
53.9 399.999931 100.000069 
54.0 399.999934 100.000066 
54.1 399.999936 100.000064 
54.2 399.999939 100.000061 
54.3 399.999941 100.000059 
54.4 399.999943 100.000057 
54.5 399.999946 100.000054 
54.6 399.999948 100.000052 
54.7 399.999950 100.000050 
54.8 399.999952 100.000048 
54.9 399.999954 100.000046 
55.0 399.999955 100.000045 
55.1 399.999957 100.000043 
55.2 399.999959 100.000041 
55.3 399.999961 100.000039 
55.4 399.999962 100.000038 
55.5 399.999964 100.000036 
55.6 399.999965 100.000035 
55.7 399.999966 100.000034 
55.8 399.999968 100.000032 
55.9 399.999969 100.000031 
56.0 399.999970 100.000030 
56.1 399.999971 100.000029 
56.2 399.999972 100.000028 
56.3 399.999974 100.000026 
56.4 399.999975 100.000025 
56.5 399.999976 100.000024 
56.6 399.999977 100.000023 
56.7 399.999977 100.000023 
56.8 399.999978 100.000022 
56.9 399.999979 100.000021 
57.0 399.999980 100.000020 
57.1 399.999981 100.000019 
57.2 399.999982 100.000018 
57.3 399.999982 100.000018 
57.4 399.999983 100.000017 
57.5 399.999984 100.000016 
57.6 399.999984 100.000016 
57.7 399.999985 100.000015 
57.8 399.999985 100.000015 
57.9 399.999986 100.000014 
58.0 399.999987 100.000013 
58.1 399.999987 100.000013 
58.2 399.999988 100.000012 
58.3 399.999988 100.000012 
58.4 399.999989 100.000011 
58.5 399.999989 100.000011 
58.6 399.999989 100.000011 
58.7 399.999990 100.000010 
58.8 399.999990 100.000010 
58.9 399.999991 100.000009 
59.0 399.999991 100.000009 
59.1 399.999991 100.000009 
59.2 399.999992 100.000008 
59.3 399.999992 100.000008 
59.4 399.999992 100.000008 
59.5 399.999993 100.000007 
59.6 399.999993 100.000007 
59.7 399.999993 100.000007 
59.8 399.999993 100.000007 
59.9 399.999994 100.000006 
60.0 399.999994 100.000006 
60.1 399.999994 100.000006 
60.2 399.999994 100.000006 
60.3 399.999995 100.000005 
60.4 399.999995 100.000005 
60.5 399.999995 100.000005 
60.6 399.999995 100.000005 
60.7 399.999995 100.000005 
60.8 399.999996 100.000004 
60.9 399.999996 100.000004 
61.0 399.999996 100.000004 
61.1 399.999996 100.000004 
61.2 399.999996 100.000004 
61.3 399.999996 100.000004 
61.4 399.999997 100.000003 
61.5 399.999997 100.000003 
61.6 399.999997 100.000003 
61.7 399.999997 100.000003 
61.8 399.999997 100.000003 
61.9 399.999997 100.000003 
62.0 399.999997 100.000003 
62.1 399.999997 100.000003 
62.2 399.999998 100.000002 
62.3 399.999998 100.000002 
62.4 399.999998 100.000002 
62.5 399.999998 100.000002 
62.6 399.999998 100.000002 
62.7 399.999998 100.000002 
62.8 399.999998 100.000002 
62.9 399.999998 100.000002 
63.0 399.999998 100.000002 
63.1 399.999998 100.000002 
63.2 399.999998 100.000002 
63.3 399.999998 100.000002 
63.4 399.999998 100.000002 
63.5 399.999999 100.000001 
63.6 399.999999 100.000001 
63.7 399.999999 100.000001 
63.8 399.999999 100.000001 
63.9 399.999999 100.000001 
64.0 399.999999 100.000001 
64.1 399.999999 100.000001 
64.2 399.999999 100.000001 
64.3 399.999999 100.000001 
64.4 399.999999 100.000001 
64.5 399.999999 100.000001 
64.6 399.999999 100.000001 
64.7 399.999999 100.000001 
64.8 399.999999 100.000001 
64.9 399.999999 100.000001 
65.0 399.999999 100.000001 
65.1 399.999999 100.000001 
65.2 399.999999 100.000001 
65.3 399.999999 100.000001 
65.4 399.999999 100.000001 
65.5 399.999999 100.000001 
65.6 399.999999 100.000001 
65.7 399.999999 100.000001 
65.8 399.999999 100.000001 
65.9 399.999999 100.000001 
66.0 399.999999 100.000001 
66.1 399.999999 100.000001 
66.2 399.999999 100.000001 
66.3 400.000000 100.000000 
66.4 400.000000 100.000000 
66.5 400.000000 100.000000 
66.6 400.000000 100.000000 
66.7 400.000000 100.000000 
66.8 400.000000 100.000000 
66.9 400.000000 100.000000 
67.0 400.000000 100.000000 
67.1 400.000000 100.000000 
67.2 400.000000 100.000000 
67.3 400.000000 100.000000 
67.4 400.000000 100.000000 
67.5 400.000000 100.000000 
67.6 400.000000 100.000000 
67.7 400.000000 100.000000 
67.8 400.000000 100.000000 
67.9 400.000000 100.000000 
68.0 400.000000 100.000000 
68.1 400.000000 100.000000 
68.2 400.000000 100.000000 
68.3 400.000000 100.000000 
68.4 400.000000 100.000000 
68.5 400.000000 100.000000 
68.6 400.000000 100.000000 
68.7 400.000000 100.000000 
68.8 400.000000 100.000000 
68.9 400.000000 100.000000 
69.0 400.000000 100.000000 
69.1 400.000000 100.000000 
69.2 400.000000 100.000000 
69.3 400.000000 100.000000 
69.4 400.000000 100.000000 
69.5 400.000000 100.000000 
69.6 400.000000 100.000000 
69.7 400.000000 100.000000 
69.8 400.000000 100.000000 
69.9 400.000000 100.000000 
70.0 400.000000 100.000000 
70.1 400.000000 100.000000 
70.2 400.000000 100.000000 
70.3 400.000000 100.000000 
70.4 400.000000 100.000000 
70.5 400.000000 100.000000 
70.6 400.000000 100.000000 
70.7 400.000000 100.000000 
70.8 400.000000 100.000000 
70.9 400.000000 100.000000 
71.0 400.000000 100.000000 
71.1 400.000000 100.000000 
71.2 400.000000 100.000000 
71.3 400.000000 100.000000 
71.4 400.000000 100.000000 
71.5 400.000000 100.000000 
71.6 400.000000 100.000000 
71.7 400.000000 100.000000 
71.8 400.000000 100.000000 
71.9 400.000000 100.000000 
72.0 400.000000 100.000000 
72.1 400.000000 100.000000 
72.2 400.000000 100.000000 
72.3 400.000000 100.000000 
72.4 400.000000 100.000000 
72.5 400.000000 100.000000 
72.6 400.000000 100.000000 
72.7 400.000000 100.000000 
72.8 400.000000 100.000000 
72.9 400.000000 100.000000 
73.0 400.000000 100.000000 
73.1 400.000000 100.000000 
73.2 400.000000 100.000000 
73.3 400.000000 100.000000 
73.4 400.000000 100.000000 
73.5 400.000000 100.000000 
73.6 400.000000 100.000000 
73.7 400.000000 100.000000 
73.8 400.000000 100.000000 
73.9 400.000000 100.000000 
74.0 400.000000 100.000000 
74.1 400.000000 100.000000 
74.2 400.000000 100.000000 
74.3 400.000000 100.000000 
74.4 400.000000 100.000000 
74.5 400.000000 100.000000 
74.6 400.000000 100.000000 
74.7 400.000000 100.000000 
74.8 400.000000 100.000000 
74.9 400.000000 100.000000 
75.0 400.000000 100.000000 
75.1 400.000000 100.000000 
75.2 400.000000 100.000000 
75.3 400.000000 100.000000 
75.4 400.000000 100.000000 
75.5 400.000000 100.000000 
75.6 400.000000 100.000000 
75.7 400.000000 100.000000 
75.8 400.000000 100.000000 
75.9 400.000000 100.000000 
76.0 400.000000 100.000000 
76.1 400.000000 100.000000 
76.2 400.000000 100.000000 
76.3 400.000000 100.000000 
76.4 400.000000 100.000000 
76.5 400.000000 100.000000 
76.6 400.000000 100.000000 
76.7 400.000000 100.000000 
76.8 400.000000 100.000000 
76.9 400.000000 100.000000 
77.0 400.000000 100.000000 
77.1 400.000000 100.000000 
77.2 400.000000 100.000000 
77.3 400.000000 100.000000 
77.4 400.000000 100.000000 
77.5 400.000000 100.000000 
77.6 400.000000 100.000000 
77.7 400.000000 100.000000 
77.8 400.000000 100.000000 
77.9 400.000000 100.000000 
78.0 400.000000 100.000000 
78.1 400.000000 100.000000 
78.2 400.000000 100.000000 
78.3 400.000000 100.000000 
78.4 400.000000 100.000000 
78.5 400.000000 100.000000 
78.6 400.000000 100.000000 
78.7 400.000000 100.000000 
78.8 400.000000 100.000000 
78.9 400.000000 100.000000 
79.0 400.000000 100.000000 
79.1 400.000000 100.000000 
79.2 400.000000 100.000000 
79.3 400.000000 100.000000 
79.4 400.000000 100.000000 
79.5 400.000000 100.000000 
79.6 400.000000 100.000000 
79.7 400.000000 100.000000 
79.8 400.000000 100.000000 
79.9 400.000000 100.000000 
80.0 400.000000 100.000000 
80.1 400.000000 100.000000 
80.2 400.000000 100.000000 
80.3 400.000000 100.000000 
80.4 400.000000 100.000000 
80.5 400.000000 100.000000 
80.6 400.000000 100.000000 
80.7 400.000000 100.000000 
80.8 400.000000 100.000000 
80.9 400.000000 100.000000 
81.0 400.000000 100.000000 
81.1 400.000000 100.000000 
81.2 400.000000 100.000000 
81.3 400.000000 100.000000 
81.4 400.000000 100.000000 
81.5 400.000000 100.000000 
81.6 400.000000 100.000000 
81.7 400.000000 100.000000 
81.8 400.000000 100.000000 
81.9 400.000000 100.000000 
82.0 400.000000 100.000000 
82.1 400.000000 100.000000 
82.2 400.000000 100.000000 
82.3 400.000000 100.000000 
82.4 400.000000 100.000000 
82.5 400.000000 100.000000 
82.6 400.000000 100.000000 
82.7 400.000000 100.000000 
82.8 400.000000 100.000000 
82.9 400.000000 100.000000 
83.0 400.000000 100.000000 
83.1 400.000000 100.000000 
83.2 400.000000 100.000000 
83.3 400.000000 100.000000 
83.4 400.000000 100.000000 
83.5 400.000000 100.000000 
83.6 400.000000 100.000000 
83.7 400.000000 100.000000 
83.8 400.000000 100.000000 
83.9 400.000000 100.000000 
84.0 400.000000 100.000000 
84.1 400.000000 100.000000 
84.2 400.000000 100.000000 
84.3 400.000000 100.000000 
84.4 400.000000 100.000000 
84.5 400.000000 100.000000 
84.6 400.000000 100.000000 
84.7 400.000000 100.000000 
84.8 400.000000 100.000000 
84.9 400.000000 100.000000 
85.0 400.000000 100.000000 
85.1 400.000000 100.000000 
85.2 400.000000 100.000000 
85.3 400.000000 100.000000 
85.4 400.000000 100.000000 
85.5 400.000000 100.000000 
85.6 400.000000 100.000000 
85.7 400.000000 100.000000 
85.8 400.000000 100.000000 
85.9 400.000000 100.000000 
86.0 400.000000 100.000000 
86.1 400.000000 100.000000 
86.2 400.000000 100.000000 
86.3 400.000000 100.000000 
86.4 400.000000 100.000000 
86.5 400.000000 100.000000 
86.6 400.000000 100.000000 
86.7 400.000000 100.000000 
86.8 400.000000 100.000000 
86.9 400.000000 100.000000 
87.0 400.000000 100.000000 
87.1 400.000000 100.000000 
87.2 400.000000 100.000000 
87.3 400.000000 100.000000 
87.4 400.000000 100.000000 
87.5 400.000000 100.000000 
87.6 400.000000 100.000000 
87.7 400.000000 100.000000 
87.8 400.000000 100.000000 
87.9 400.000000 100.000000 
88.0 400.000000 100.000000 
88.1 400.000000 100.000000 
88.2 400.000000 100.000000 
88.3 400.000000 100.000000 
88.4 400.000000 100.000000 
88.5 400.000000 100.000000 
88.6 400.000000 100.000000 
88.7 400.000000 100.000000 
88.8 400.000000 100.000000 
88.9 400.000000 100.000000 
89.0 400.000000 100.000000 
89.1 400.000000 100.000000 
89.2 400.000000 100.000000 
89.3 400.000000 100.000000 
89.4 400.000000 100.000000 
89.5 400.000000 100.000000 
89.6 400.000000 100.000000 
89.7 400.000000 100.000000 
89.8 400.000000 100.000000 
89.9 400.000000 100.000000 
90.0 400.000000 100.000000 
90.1 400.000000 100.000000 
90.2 400.000000 100.000000 
90.3 400.000000 100.000000 
90.4 400.000000 100.000000 
90.5 400.000000 100.000000 
90.6 400.000000 100.000000 
90.7 400.000000 100.000000 
90.8 400.000000 100.000000 
90.9 400.000000 100.000000 
91.0 400.000000 100.000000 
91.1 400.000000 100.000000 
91.2 400.000000 100.000000 
91.3 400.000000 100.000000 
91.4 400.000000 100.000000 
91.5 400.000000 100.000000 
91.6 400.000000 100.000000 
91.7 400.000000 100.000000 
91.8 400.000000 100.000000 
91.9 400.000000 100.000000 
92.0 400.000000 100.000000 
92.1 400.000000 100.000000 
92.2 400.000000 100.000000 
92.3 400.000000 100.000000 
92.4 400.000000 100.000000 
92.5 400.000000 100.000000 
92.6 400.000000 100.000000 
92.7 400.000000 100.000000 
92.8 400.000000 100.000000 
92.9 400.000000 100.000000 
93.0 400.000000 100.000000 
93.1 400.000000 100.000000 
93.2 400.000000 100.000000 
93.3 400.000000 100.000000 
93.4 400.000000 100.000000 
93.5 400.000000 100.000000 
93.6 400.000000 100.000000 
93.7 400.000000 100.000000 
93.8 400.000000 100.000000 
93.9 400.000000 100.000000 
94.0 400.000000 100.000000 
94.1 400.000000 100.000000 
94.2 400.000000 100.000000 
94.3 400.000000 100.000000 
94.4 400.000000 100.000000 
94.5 400.000000 100.000000 
94.6 400.000000 100.000000 
94.7 400.000000 100.000000 
94.8 400.000000 100.000000 
94.9 400.000000 100.000000 
95.0 400.000000 100.000000 
95.1 400.000000 100.000000 
95.2 400.000000 100.000000 
95.3 400.000000 100.000000 
95.4 400.000000 100.000000 
95.5 400.000000 100.000000 
95.6 400.000000 100.000000 
95.7 400.000000 100.000000 
95.8 400.000000 100.000000 
95.9 400.000000 100.000000 
96.0 400.000000 100.000000 
96.1 400.000000 100.000000 
96.2 400.000000 100.000000 
96.3 400.000000 100.000000 
96.4 400.000000 100.000000 
96.5 400.000000 100.000000 
96.6 400.000000 100.000000 
96.7 400.000000 100.000000 
96.8 400.000000 100.000000 
96.9 400.000000 100.000000 
97.0 400.000000 100.000000 
97.1 400.000000 100.000000 
97.2 400.000000 100.000000 
97.3 400.000000 100.000000 
97.4 400.000000 100.000000 
97.5 400.000000 100.000000 
97.6 400.000000 100.000000 
97.7 400.000000 100.000000 
97.8 400.000000 100.000000 
97.9 400.000000 100.000000 
98.0 400.000000 100.000000 
98.1 400.000000 100.000000 
98.2 400.000000 100.000000 
98.3 400.000000 100.000000 
98.4 400.000000 100.000000 
98.5 400.000000 100.000000 
98.6 400.000000 100.000000 
98.7 400.000000 100.000000 
98.8 400.000000 100.000000 
98.9 400.000000 100.000000 
99.0 400.000000 100.000000 
99.1 400.000000 100.000000 
99.2 400.000000 100.000000 
99.3 400.000000 100.000000 
99.4 400.000000 100.000000 
99.5 400.000000 100.000000 
99.6 400.000000 100.000000 
99.7 400.000000 100.000000 
99.8 400.000000 100.000000 
99.9 400.000000 100.000000 
100.0 400.000000 100.000000 
