1, 365.624901
2, 147.851406
3, 101.318164
4, 82.748951
5, 73.192921
6, 67.524584
7, 63.840555
8, 61.288134
9, 59.434084
10, 58.037344
11, 56.954212
12, 56.094248
13, 55.397990
14, 54.824902
15, 54.346498
16, 53.942236
17, 53.596972
18, 53.299316
19, 53.040559
20, 52.813938
21, 52.614131
22, 52.436896
23, 52.278819
24, 52.137120
25, 52.009518
26, 51.894125
27, 51.789367
28, 51.693919
29, 51.606663
30, 51.526648
31, 51.453059
32, 51.385196
33, 51.322454
34, 51.264309
35, 51.210302
36, 51.160032
37, 51.113147
38, 51.069336
39, 51.028325
40, 50.989869
41, 50.953750
42, 50.919775
43, 50.887769
44, 50.857576
45, 50.829056
46, 50.802082
47, 50.776539
48, 50.752323
49, 50.729339
50, 50.707501
51, 50.686731
52, 50.666958
53, 50.648114
54, 50.630142
55, 50.612984
56, 50.596590
57, 50.580914
58, 50.565912
59, 50.551545
60, 50.537775
61, 50.524568
62, 50.511892
63, 50.499718
64, 50.488020
65, 50.476770
66, 50.465945
67, 50.455524
68, 50.445485
69, 50.435809
70, 50.426478
71, 50.417475
72, 50.408784
73, 50.400390
74, 50.392280
75, 50.384439
76, 50.376855
77, 50.369518
78, 50.362415
79, 50.355537
80, 50.348873
81, 50.342415
82, 50.336153
83, 50.330080
84, 50.324187
85, 50.318467
86, 50.312913
87, 50.307519
88, 50.302278
89, 50.297183
90, 50.292230
91, 50.287413
92, 50.282726
93, 50.278166
94, 50.273726
95, 50.269403
96, 50.265193
97, 50.261091
98, 50.257093
99, 50.253197
100, 50.249397
101, 50.245692
102, 50.242077
103, 50.238550
104, 50.235107
105, 50.231747
106, 50.228465
107, 50.225260
108, 50.222130
109, 50.219071
110, 50.216081
111, 50.213159
112, 50.210302
113, 50.207508
114, 50.204775
115, 50.202101
116, 50.199485
117, 50.196925
118, 50.194419
119, 50.191966
120, 50.189564
121, 50.187211
122, 50.184907
123, 50.182649
124, 50.180437
125, 50.178269
126, 50.176144
127, 50.174060
128, 50.172018
129, 50.170015
130, 50.168050
131, 50.166123
132, 50.164232
133, 50.162377
134, 50.160556
135, 50.158770
136, 50.157015
137, 50.155293
138, 50.153602
139, 50.151942
140, 50.150311
141, 50.148709
142, 50.147135
143, 50.145589
144, 50.144069
145, 50.142576
146, 50.141108
147, 50.139665
148, 50.138247
149, 50.136852
150, 50.135480
151, 50.134131
152, 50.132805
153, 50.131500
154, 50.130216
155, 50.128953
156, 50.127710
157, 50.126487
158, 50.125283
159, 50.124098
160, 50.122932
161, 50.121783
162, 50.120653
163, 50.119540
164, 50.118443
165, 50.117364
166, 50.116300
167, 50.115253
168, 50.114221
169, 50.113204
170, 50.112202
171, 50.111215
172, 50.110242
173, 50.109283
174, 50.108338
175, 50.107407
176, 50.106489
177, 50.105583
178, 50.104691
179, 50.103811
180, 50.102943
181, 50.102087
182, 50.101242
183, 50.100410
184, 50.099588
185, 50.098778
186, 50.097979
187, 50.097190
188, 50.096412
189, 50.095644
190, 50.094886
191, 50.094138
192, 50.093400
193, 50.092671
194, 50.091952
195, 50.091242
196, 50.090541
197, 50.089849
198, 50.089165
199, 50.088491
200, 50.087824
201, 50.087166
202, 50.086516
203, 50.085874
204, 50.085240
205, 50.084614
206, 50.083995
207, 50.083384
208, 50.082780
209, 50.082183
210, 50.081593
211, 50.081011
212, 50.080435
213, 50.079866
214, 50.079304
215, 50.078748
216, 50.078198
217, 50.077655
218, 50.077118
219, 50.076588
220, 50.076063
221, 50.075544
222, 50.075031
223, 50.074524
224, 50.074023
225, 50.073527
226, 50.073036
227, 50.072551
228, 50.072071
229, 50.071597
230, 50.071127
231, 50.070663
232, 50.070204
233, 50.069749
234, 50.069300
235, 50.068855
236, 50.068415
237, 50.067980
238, 50.067549
239, 50.067122
240, 50.066701
241, 50.066283
242, 50.065870
243, 50.065461
244, 50.065056
245, 50.064656
246, 50.064259
247, 50.063866
248, 50.063478
249, 50.063093
250, 50.062712
251, 50.062335
252, 50.061962
253, 50.061592
254, 50.061226
255, 50.060864
256, 50.060505
257, 50.060150
258, 50.059798
259, 50.059449
260, 50.059104
261, 50.058762
262, 50.058423
263, 50.058088
264, 50.057756
265, 50.057427
266, 50.057101
267, 50.056778
268, 50.056458
269, 50.056141
270, 50.055827
271, 50.055516
272, 50.055207
273, 50.054902
274, 50.054599
275, 50.054299
276, 50.054002
277, 50.053707
278, 50.053416
279, 50.053126
280, 50.052840
281, 50.052555
282, 50.052274
283, 50.051995
284, 50.051718
285, 50.051444
286, 50.051172
287, 50.050902
288, 50.050635
289, 50.050370
290, 50.050108
291, 50.049848
292, 50.049589
293, 50.049334
294, 50.049080
295, 50.048828
296, 50.048579
297, 50.048332
298, 50.048086
299, 50.047843
300, 50.047602
301, 50.047363
302, 50.047125
303, 50.046890
304, 50.046657
305, 50.046426
306, 50.046196
307, 50.045968
308, 50.045743
309, 50.045519
310, 50.045296
311, 50.045076
312, 50.044857
313, 50.044641
314, 50.044425
315, 50.044212
316, 50.044000
317, 50.043790
318, 50.043582
319, 50.043375
320, 50.043170
321, 50.042966
322, 50.042764
323, 50.042564
324, 50.042365
325, 50.042168
326, 50.041972
327, 50.041777
328, 50.041584
329, 50.041393
330, 50.041203
331, 50.041015
332, 50.040827
333, 50.040642
334, 50.040457
335, 50.040275
336, 50.040093
337, 50.039913
338, 50.039734
339, 50.039556
340, 50.039380
341, 50.039205
342, 50.039031
343, 50.038859
344, 50.038688
345, 50.038518
346, 50.038349
347, 50.038181
348, 50.038015
349, 50.037850
350, 50.037686
351, 50.037523
352, 50.037362
353, 50.037201
354, 50.037042
355, 50.036884
356, 50.036727
357, 50.036571
358, 50.036416
359, 50.036262
360, 50.036109
361, 50.035957
362, 50.035807
363, 50.035657
364, 50.035509
365, 50.035361
366, 50.035214
367, 50.035069
368, 50.034924
369, 50.034781
370, 50.034638
371, 50.034496
372, 50.034356
373, 50.034216
374, 50.034077
375, 50.033939
376, 50.033802
377, 50.033666
378, 50.033531
379, 50.033397
380, 50.033263
381, 50.033131
382, 50.032999
383, 50.032868
384, 50.032738
385, 50.032609
386, 50.032481
387, 50.032353
388, 50.032227
389, 50.032101
390, 50.031976
391, 50.031852
392, 50.031728
393, 50.031606
394, 50.031484
395, 50.031363
396, 50.031242
397, 50.031123
398, 50.031004
399, 50.030886
400, 50.030768
401, 50.030652
402, 50.030536
403, 50.030421
404, 50.030306
405, 50.030193
406, 50.030080
407, 50.029967
408, 50.029856
409, 50.029745
410, 50.029634
411, 50.029525
412, 50.029416
413, 50.029307
414, 50.029200
415, 50.029093
416, 50.028986
417, 50.028881
418, 50.028775
419, 50.028671
420, 50.028567
421, 50.028464
422, 50.028361
423, 50.028259
424, 50.028158
425, 50.028057
426, 50.027957
427, 50.027857
428, 50.027758
429, 50.027660
430, 50.027562
431, 50.027464
432, 50.027368
433, 50.027271
434, 50.027176
435, 50.027081
436, 50.026986
437, 50.026892
438, 50.026799
439, 50.026706
440, 50.026613
441, 50.026521
442, 50.026430
443, 50.026339
444, 50.026249
445, 50.026159
446, 50.026069
447, 50.025981
448, 50.025892
449, 50.025804
450, 50.025717
451, 50.025630
452, 50.025544
453, 50.025458
454, 50.025372
455, 50.025287
456, 50.025203
457, 50.025119
458, 50.025035
459, 50.024952
460, 50.024869
461, 50.024787
462, 50.024705
463, 50.024624
464, 50.024543
465, 50.024462
466, 50.024382
467, 50.024303
468, 50.024224
469, 50.024145
470, 50.024066
471, 50.023988
472, 50.023911
473, 50.023834
474, 50.023757
475, 50.023681
476, 50.023605
477, 50.023529
478, 50.023454
479, 50.023379
480, 50.023305
481, 50.023231
482, 50.023158
483, 50.023084
484, 50.023012
485, 50.022939
486, 50.022867
487, 50.022795
488, 50.022724
489, 50.022653
490, 50.022582
491, 50.022512
492, 50.022442
493, 50.022373
494, 50.022304
495, 50.022235
496, 50.022166
497, 50.022098
498, 50.022030
499, 50.021963
500, 50.021896
501, 50.021829
502, 50.021762
503, 50.021696
504, 50.021631
505, 50.021565
506, 50.021500
507, 50.021435
508, 50.021371
509, 50.021306
510, 50.021242
511, 50.021179
512, 50.021116
513, 50.021053
514, 50.020990
515, 50.020928
516, 50.020866
517, 50.020804
518, 50.020742
519, 50.020681
520, 50.020620
521, 50.020560
522, 50.020500
523, 50.020440
524, 50.020380
525, 50.020321
526, 50.020261
527, 50.020203
528, 50.020144
529, 50.020086
530, 50.020028
531, 50.019970
532, 50.019912
533, 50.019855
534, 50.019798
535, 50.019742
536, 50.019685
537, 50.019629
538, 50.019573
539, 50.019518
540, 50.019462
541, 50.019407
542, 50.019352
543, 50.019298
544, 50.019243
545, 50.019189
546, 50.019135
547, 50.019082
548, 50.019028
549, 50.018975
550, 50.018922
551, 50.018870
552, 50.018817
553, 50.018765
554, 50.018713
555, 50.018661
556, 50.018610
557, 50.018559
558, 50.018508
559, 50.018457
560, 50.018406
561, 50.018356
562, 50.018306
563, 50.018256
564, 50.018206
565, 50.018157
566, 50.018107
567, 50.018058
568, 50.018010
569, 50.017961
570, 50.017913
571, 50.017865
572, 50.017817
573, 50.017769
574, 50.017721
575, 50.017674
576, 50.017627
577, 50.017580
578, 50.017533
579, 50.017487
580, 50.017440
581, 50.017394
582, 50.017348
583, 50.017303
584, 50.017257
585, 50.017212
586, 50.017167
587, 50.017122
588, 50.017077
589, 50.017032
590, 50.016988
591, 50.016944
592, 50.016900
593, 50.016856
594, 50.016812
595, 50.016769
596, 50.016725
597, 50.016682
598, 50.016639
599, 50.016597
600, 50.016554
601, 50.016512
602, 50.016470
603, 50.016428
604, 50.016386
605, 50.016344
606, 50.016302
607, 50.016261
608, 50.016220
609, 50.016179
610, 50.016138
611, 50.016097
612, 50.016057
613, 50.016017
614, 50.015976
615, 50.015936
616, 50.015897
617, 50.015857
618, 50.015817
619, 50.015778
620, 50.015739
621, 50.015700
622, 50.015661
623, 50.015622
624, 50.015583
625, 50.015545
626, 50.015507
627, 50.015469
628, 50.015431
629, 50.015393
630, 50.015355
631, 50.015318
632, 50.015280
633, 50.015243
634, 50.015206
635, 50.015169
636, 50.015132
637, 50.015095
638, 50.015059
639, 50.015022
640, 50.014986
641, 50.014950
642, 50.014914
643, 50.014878
644, 50.014843
645, 50.014807
646, 50.014772
647, 50.014737
648, 50.014701
649, 50.014666
650, 50.014632
651, 50.014597
652, 50.014562
653, 50.014528
654, 50.014493
655, 50.014459
656, 50.014425
657, 50.014391
658, 50.014357
659, 50.014324
660, 50.014290
661, 50.014257
662, 50.014223
663, 50.014190
664, 50.014157
665, 50.014124
666, 50.014091
667, 50.014059
668, 50.014026
669, 50.013994
670, 50.013961
671, 50.013929
672, 50.013897
673, 50.013865
674, 50.013833
675, 50.013802
676, 50.013770
677, 50.013738
678, 50.013707
679, 50.013676
680, 50.013645
681, 50.013614
682, 50.013583
683, 50.013552
684, 50.013521
685, 50.013491
686, 50.013460
687, 50.013430
688, 50.013399
689, 50.013369
690, 50.013339
691, 50.013309
692, 50.013280
693, 50.013250
694, 50.013220
695, 50.013191
696, 50.013161
697, 50.013132
698, 50.013103
699, 50.013074
700, 50.013045
701, 50.013016
702, 50.012987
703, 50.012958
704, 50.012930
705, 50.012901
706, 50.012873
707, 50.012845
708, 50.012816
709, 50.012788
710, 50.012760
711, 50.012733
712, 50.012705
713, 50.012677
714, 50.012649
715, 50.012622
716, 50.012595
717, 50.012567
718, 50.012540
719, 50.012513
720, 50.012486
721, 50.012459
722, 50.012432
723, 50.012405
724, 50.012379
725, 50.012352
726, 50.012326
727, 50.012299
728, 50.012273
729, 50.012247
730, 50.012221
731, 50.012195
732, 50.012169
733, 50.012143
734, 50.012117
735, 50.012091
736, 50.012066
737, 50.012040
738, 50.012015
739, 50.011990
740, 50.011964
741, 50.011939
742, 50.011914
743, 50.011889
744, 50.011864
745, 50.011839
746, 50.011815
747, 50.011790
748, 50.011765
749, 50.011741
750, 50.011716
751, 50.011692
752, 50.011668
753, 50.011644
754, 50.011619
755, 50.011595
756, 50.011571
757, 50.011548
758, 50.011524
759, 50.011500
760, 50.011476
761, 50.011453
762, 50.011429
763, 50.011406
764, 50.011383
765, 50.011359
766, 50.011336
767, 50.011313
768, 50.011290
769, 50.011267
770, 50.011244
771, 50.011221
772, 50.011199
773, 50.011176
774, 50.011154
775, 50.011131
776, 50.011109
777, 50.011086
778, 50.011064
779, 50.011042
780, 50.011019
781, 50.010997
782, 50.010975
783, 50.010953
784, 50.010932
785, 50.010910
786, 50.010888
787, 50.010866
788, 50.010845
789, 50.010823
790, 50.010802
791, 50.010780
792, 50.010759
793, 50.010738
794, 50.010716
795, 50.010695
796, 50.010674
797, 50.010653
798, 50.010632
799, 50.010611
800, 50.010591
801, 50.010570
802, 50.010549
803, 50.010528
804, 50.010508
805, 50.010487
806, 50.010467
807, 50.010447
808, 50.010426
809, 50.010406
810, 50.010386
811, 50.010366
812, 50.010346
813, 50.010326
814, 50.010306
815, 50.010286
816, 50.010266
817, 50.010246
818, 50.010227
819, 50.010207
820, 50.010187
821, 50.010168
822, 50.010148
823, 50.010129
824, 50.010110
825, 50.010090
826, 50.010071
827, 50.010052
828, 50.010033
829, 50.010014
830, 50.009995
831, 50.009976
832, 50.009957
833, 50.009938
834, 50.009919
835, 50.009900
836, 50.009882
837, 50.009863
838, 50.009845
839, 50.009826
840, 50.009808
841, 50.009789
842, 50.009771
843, 50.009753
844, 50.009734
845, 50.009716
846, 50.009698
847, 50.009680
848, 50.009662
849, 50.009644
850, 50.009626
851, 50.009608
852, 50.009590
853, 50.009573
854, 50.009555
855, 50.009537
856, 50.009519
857, 50.009502
858, 50.009484
859, 50.009467
860, 50.009450
861, 50.009432
862, 50.009415
863, 50.009398
864, 50.009380
865, 50.009363
866, 50.009346
867, 50.009329
868, 50.009312
869, 50.009295
870, 50.009278
871, 50.009261
872, 50.009244
873, 50.009228
874, 50.009211
875, 50.009194
876, 50.009177
877, 50.009161
878, 50.009144
879, 50.009128
880, 50.009111
881, 50.009095
882, 50.009079
883, 50.009062
884, 50.009046
885, 50.009030
886, 50.009014
887, 50.008997
888, 50.008981
889, 50.008965
890, 50.008949
891, 50.008933
892, 50.008917
893, 50.008902
894, 50.008886
895, 50.008870
896, 50.008854
897, 50.008838
898, 50.008823
899, 50.008807
900, 50.008792
901, 50.008776
902, 50.008761
903, 50.008745
904, 50.008730
905, 50.008714
906, 50.008699
907, 50.008684
908, 50.008668
909, 50.008653
910, 50.008638
911, 50.008623
912, 50.008608
913, 50.008593
914, 50.008578
915, 50.008563
916, 50.008548
917, 50.008533
918, 50.008518
919, 50.008504
920, 50.008489
921, 50.008474
922, 50.008459
923, 50.008445
924, 50.008430
925, 50.008416
926, 50.008401
927, 50.008387
928, 50.008372
929, 50.008358
930, 50.008343
931, 50.008329
932, 50.008315
933, 50.008300
934, 50.008286
935, 50.008272
936, 50.008258
937, 50.008244
938, 50.008230
939, 50.008216
940, 50.008202
941, 50.008188
942, 50.008174
943, 50.008160
944, 50.008146
945, 50.008132
946, 50.008118
947, 50.008105
948, 50.008091
949, 50.008077
950, 50.008064
951, 50.008050
952, 50.008036
953, 50.008023
954, 50.008009
955, 50.007996
956, 50.007982
957, 50.007969
958, 50.007956
959, 50.007942
960, 50.007929
961, 50.007916
962, 50.007903
963, 50.007889
964, 50.007876
965, 50.007863
966, 50.007850
967, 50.007837
968, 50.007824
969, 50.007811
970, 50.007798
971, 50.007785
972, 50.007772
973, 50.007759
974, 50.007746
975, 50.007734
976, 50.007721
977, 50.007708
978, 50.007695
979, 50.007683
980, 50.007670
981, 50.007657
982, 50.007645
983, 50.007632
984, 50.007620
985, 50.007607
986, 50.007595
987, 50.007582
988, 50.007570
989, 50.007558
990, 50.007545
991, 50.007533
992, 50.007521
993, 50.007508
994, 50.007496
995, 50.007484
996, 50.007472
997, 50.007460
998, 50.007448
999, 50.007436
