1, -0.052477
2, -0.103309
3, -0.152592
4, -0.200415
5, -0.246858
6, -0.291994
7, -0.335892
8, -0.378613
9, -0.420215
10, -0.460752
11, -0.500272
12, -0.538822
13, -0.576445
14, -0.613179
15, -0.649063
16, -0.684132
17, -0.718418
18, -0.751951
19, -0.784761
20, -0.816875
21, -0.848318
22, -0.879116
23, -0.909289
24, -0.938861
25, -0.967852
26, -0.996281
27, -1.024167
28, -1.051527
29, -1.078378
30, -1.104736
31, -1.130616
32, -1.156032
33, -1.180999
34, -1.205530
35, -1.229637
36, -1.253332
37, -1.276628
38, -1.299534
39, -1.322062
40, -1.344222
41, -1.366024
42, -1.387476
43, -1.408589
44, -1.429371
45, -1.449830
46, -1.469975
47, -1.489813
48, -1.509351
49, -1.528598
50, -1.547559
51, -1.566242
52, -1.584654
53, -1.602799
54, -1.620686
55, -1.638319
56, -1.655704
57, -1.672846
58, -1.689752
59, -1.706426
60, -1.722873
61, -1.739098
62, -1.755106
63, -1.770901
64, -1.786488
65, -1.801871
66, -1.817054
67, -1.832042
68, -1.846837
69, -1.861445
70, -1.875868
71, -1.890111
72, -1.904177
73, -1.918069
74, -1.931791
75, -1.945345
76, -1.958736
77, -1.971965
78, -1.985037
79, -1.997954
80, -2.010718
81, -2.023333
82, -2.035802
83, -2.048126
84, -2.060309
85, -2.072352
86, -2.084260
87, -2.096033
88, -2.107674
89, -2.119185
90, -2.130569
91, -2.141828
92, -2.152963
93, -2.163978
94, -2.174873
95, -2.185652
96, -2.196315
97, -2.206865
98, -2.217303
99, -2.227632
100, -2.237853
101, -2.247968
102, -2.257978
103, -2.267885
104, -2.277691
105, -2.287397
106, -2.297005
107, -2.306517
108, -2.315933
109, -2.325256
110, -2.334486
111, -2.343625
112, -2.352675
113, -2.361637
114, -2.370511
115, -2.379300
116, -2.388005
117, -2.396626
118, -2.405165
119, -2.413624
120, -2.422003
121, -2.430303
122, -2.438526
123, -2.446673
124, -2.454744
125, -2.462742
126, -2.470666
127, -2.478518
128, -2.486298
129, -2.494009
130, -2.501650
131, -2.509223
132, -2.516729
133, -2.524168
134, -2.531541
135, -2.538850
136, -2.546094
137, -2.553276
138, -2.560396
139, -2.567454
140, -2.574451
141, -2.581389
142, -2.588267
143, -2.595088
144, -2.601850
145, -2.608556
146, -2.615206
147, -2.621800
148, -2.628339
149, -2.634825
150, -2.641257
151, -2.647636
152, -2.653963
153, -2.660239
154, -2.666464
155, -2.672638
156, -2.678763
157, -2.684839
158, -2.690867
159, -2.696847
160, -2.702779
161, -2.708665
162, -2.714504
163, -2.720298
164, -2.726047
165, -2.731751
166, -2.737411
167, -2.743028
168, -2.748601
169, -2.754132
170, -2.759621
171, -2.765068
172, -2.770474
173, -2.775839
174, -2.781164
175, -2.786449
176, -2.791695
177, -2.796902
178, -2.802071
179, -2.807201
180, -2.812294
181, -2.817350
182, -2.822369
183, -2.827351
184, -2.832297
185, -2.837208
186, -2.842083
187, -2.846924
188, -2.851730
189, -2.856502
190, -2.861240
191, -2.865944
192, -2.870616
193, -2.875255
194, -2.879861
195, -2.884435
196, -2.888978
197, -2.893489
198, -2.897969
199, -2.902418
200, -2.906837
201, -2.911226
202, -2.915585
203, -2.919914
204, -2.924214
205, -2.928485
206, -2.932727
207, -2.936941
208, -2.941127
209, -2.945285
210, -2.949416
211, -2.953519
212, -2.957595
213, -2.961645
214, -2.965668
215, -2.969664
216, -2.973635
217, -2.977580
218, -2.981500
219, -2.985394
220, -2.989263
221, -2.993108
222, -2.996928
223, -3.000723
224, -3.004495
225, -3.008243
226, -3.011967
227, -3.015668
228, -3.019345
229, -3.023000
230, -3.026632
231, -3.030241
232, -3.033828
233, -3.037393
234, -3.040935
235, -3.044457
236, -3.047956
237, -3.051434
238, -3.054892
239, -3.058328
240, -3.061743
241, -3.065138
242, -3.068512
243, -3.071866
244, -3.075201
245, -3.078515
246, -3.081809
247, -3.085084
248, -3.088340
249, -3.091577
250, -3.094794
251, -3.097993
252, -3.101173
253, -3.104334
254, -3.107477
255, -3.110602
256, -3.113709
257, -3.116798
258, -3.119869
259, -3.122923
260, -3.125959
261, -3.128977
262, -3.131979
263, -3.134964
264, -3.137932
265, -3.140883
266, -3.143817
267, -3.146735
268, -3.149637
269, -3.152522
270, -3.155392
271, -3.158245
272, -3.161083
273, -3.163905
274, -3.166712
275, -3.169503
276, -3.172279
277, -3.175040
278, -3.177786
279, -3.180516
280, -3.183232
281, -3.185934
282, -3.188620
283, -3.191293
284, -3.193951
285, -3.196594
286, -3.199224
287, -3.201840
288, -3.204442
289, -3.207030
290, -3.209604
291, -3.212165
292, -3.214712
293, -3.217246
294, -3.219767
295, -3.222274
296, -3.224768
297, -3.227250
298, -3.229719
299, -3.232175
300, -3.234618
301, -3.237048
302, -3.239467
303, -3.241872
304, -3.244266
305, -3.246647
306, -3.249017
307, -3.251374
308, -3.253719
309, -3.256053
310, -3.258374
311, -3.260684
312, -3.262983
313, -3.265270
314, -3.267545
315, -3.269810
316, -3.272063
317, -3.274304
318, -3.276535
319, -3.278755
320, -3.280964
321, -3.283162
322, -3.285349
323, -3.287525
324, -3.289691
325, -3.291846
326, -3.293991
327, -3.296126
328, -3.298250
329, -3.300364
330, -3.302468
331, -3.304561
332, -3.306645
333, -3.308718
334, -3.310782
335, -3.312836
336, -3.314880
337, -3.316914
338, -3.318939
339, -3.320954
340, -3.322960
341, -3.324956
342, -3.326943
343, -3.328921
344, -3.330889
345, -3.332848
346, -3.334798
347, -3.336739
348, -3.338671
349, -3.340594
350, -3.342508
351, -3.344413
352, -3.346310
353, -3.348198
354, -3.350077
355, -3.351947
356, -3.353809
357, -3.355663
358, -3.357508
359, -3.359345
360, -3.361173
361, -3.362993
362, -3.364805
363, -3.366609
364, -3.368404
365, -3.370192
366, -3.371971
367, -3.373743
368, -3.375506
369, -3.377262
370, -3.379010
371, -3.380750
372, -3.382483
373, -3.384208
374, -3.385925
375, -3.387634
376, -3.389336
377, -3.391031
378, -3.392718
379, -3.394398
380, -3.396070
381, -3.397736
382, -3.399393
383, -3.401044
384, -3.402688
385, -3.404324
386, -3.405953
387, -3.407576
388, -3.409191
389, -3.410799
390, -3.412401
391, -3.413995
392, -3.415583
393, -3.417164
394, -3.418738
395, -3.420305
396, -3.421866
397, -3.423420
398, -3.424968
399, -3.426509
400, -3.428043
401, -3.429571
402, -3.431092
403, -3.432608
404, -3.434116
405, -3.435619
406, -3.437115
407, -3.438605
408, -3.440088
409, -3.441566
410, -3.443037
411, -3.444502
412, -3.445961
413, -3.447414
414, -3.448861
415, -3.450302
416, -3.451737
417, -3.453166
418, -3.454589
419, -3.456007
420, -3.457418
421, -3.458824
422, -3.460224
423, -3.461618
424, -3.463007
425, -3.464389
426, -3.465767
427, -3.467138
428, -3.468504
429, -3.469865
430, -3.471220
431, -3.472569
432, -3.473914
433, -3.475252
434, -3.476585
435, -3.477913
436, -3.479236
437, -3.480553
438, -3.481865
439, -3.483172
440, -3.484473
441, -3.485769
442, -3.487060
443, -3.488346
444, -3.489627
445, -3.490903
446, -3.492173
447, -3.493439
448, -3.494700
449, -3.495955
450, -3.497206
451, -3.498451
452, -3.499692
453, -3.500928
454, -3.502159
455, -3.503385
456, -3.504607
457, -3.505823
458, -3.507035
459, -3.508242
460, -3.509444
461, -3.510642
462, -3.511835
463, -3.513023
464, -3.514207
465, -3.515386
466, -3.516560
467, -3.517730
468, -3.518896
469, -3.520057
470, -3.521213
471, -3.522365
472, -3.523512
473, -3.524655
474, -3.525794
475, -3.526928
476, -3.528058
477, -3.529184
478, -3.530305
479, -3.531422
480, -3.532535
481, -3.533643
482, -3.534747
483, -3.535847
484, -3.536943
485, -3.538035
486, -3.539122
487, -3.540205
488, -3.541284
489, -3.542359
490, -3.543430
491, -3.544497
492, -3.545560
493, -3.546619
494, -3.547674
495, -3.548725
496, -3.549772
497, -3.550815
498, -3.551854
499, -3.552889
500, -3.553920
501, -3.554947
502, -3.555971
503, -3.556990
504, -3.558006
505, -3.559018
506, -3.560026
507, -3.561031
508, -3.562032
509, -3.563028
510, -3.564022
511, -3.565011
512, -3.565997
513, -3.566979
514, -3.567958
515, -3.568933
516, -3.569904
517, -3.570872
518, -3.571836
519, -3.572796
520, -3.573753
521, -3.574706
522, -3.575656
523, -3.576603
524, -3.577545
525, -3.578485
526, -3.579421
527, -3.580353
528, -3.581282
529, -3.582208
530, -3.583130
531, -3.584049
532, -3.584964
533, -3.585876
534, -3.586785
535, -3.587690
536, -3.588593
537, -3.589491
538, -3.590387
539, -3.591279
540, -3.592168
541, -3.593054
542, -3.593936
543, -3.594815
544, -3.595692
545, -3.596564
546, -3.597434
547, -3.598301
548, -3.599164
549, -3.600024
550, -3.600881
551, -3.601735
552, -3.602586
553, -3.603434
554, -3.604279
555, -3.605120
556, -3.605959
557, -3.606795
558, -3.607627
559, -3.608457
560, -3.609283
561, -3.610107
562, -3.610928
563, -3.611745
564, -3.612560
565, -3.613372
566, -3.614181
567, -3.614987
568, -3.615790
569, -3.616590
570, -3.617387
571, -3.618182
572, -3.618973
573, -3.619762
574, -3.620548
575, -3.621331
576, -3.622111
577, -3.622889
578, -3.623663
579, -3.624435
580, -3.625205
581, -3.625971
582, -3.626735
583, -3.627496
584, -3.628254
585, -3.629009
586, -3.629762
587, -3.630512
588, -3.631260
589, -3.632005
590, -3.632747
591, -3.633487
592, -3.634223
593, -3.634958
594, -3.635689
595, -3.636419
596, -3.637145
597, -3.637869
598, -3.638590
599, -3.639309
600, -3.640025
601, -3.640739
602, -3.641450
603, -3.642159
604, -3.642865
605, -3.643569
606, -3.644270
607, -3.644969
608, -3.645665
609, -3.646359
610, -3.647050
611, -3.647739
612, -3.648425
613, -3.649109
614, -3.649791
615, -3.650470
616, -3.651147
617, -3.651821
618, -3.652493
619, -3.653163
620, -3.653830
621, -3.654495
622, -3.655158
623, -3.655818
624, -3.656476
625, -3.657132
626, -3.657785
627, -3.658437
628, -3.659085
629, -3.659732
630, -3.660376
631, -3.661018
632, -3.661658
633, -3.662295
634, -3.662931
635, -3.663564
636, -3.664195
637, -3.664823
638, -3.665450
639, -3.666074
640, -3.666696
641, -3.667316
642, -3.667933
643, -3.668549
644, -3.669162
645, -3.669774
646, -3.670383
647, -3.670990
648, -3.671595
649, -3.672198
650, -3.672798
651, -3.673397
652, -3.673993
653, -3.674588
654, -3.675180
655, -3.675770
656, -3.676359
657, -3.676945
658, -3.677529
659, -3.678111
660, -3.678691
661, -3.679269
662, -3.679845
663, -3.680419
664, -3.680991
665, -3.681561
666, -3.682129
667, -3.682696
668, -3.683260
669, -3.683822
670, -3.684382
671, -3.684940
672, -3.685497
673, -3.686051
674, -3.686604
675, -3.687154
676, -3.687703
677, -3.688250
678, -3.688795
679, -3.689338
680, -3.689879
681, -3.690418
682, -3.690955
683, -3.691491
684, -3.692025
685, -3.692556
686, -3.693086
687, -3.693615
688, -3.694141
689, -3.694665
690, -3.695188
691, -3.695709
692, -3.696228
693, -3.696745
694, -3.697261
695, -3.697775
696, -3.698287
697, -3.698797
698, -3.699305
699, -3.699812
700, -3.700317
701, -3.700820
702, -3.701321
703, -3.701821
704, -3.702319
705, -3.702815
706, -3.703310
707, -3.703803
708, -3.704294
709, -3.704783
710, -3.705271
711, -3.705757
712, -3.706242
713, -3.706724
714, -3.707206
715, -3.707685
716, -3.708163
717, -3.708639
718, -3.709113
719, -3.709586
720, -3.710058
721, -3.710527
722, -3.710995
723, -3.711462
724, -3.711926
725, -3.712390
726, -3.712851
727, -3.713311
728, -3.713770
729, -3.714227
730, -3.714682
731, -3.715136
732, -3.715588
733, -3.716038
734, -3.716487
735, -3.716935
736, -3.717381
737, -3.717825
738, -3.718268
739, -3.718710
740, -3.719150
741, -3.719588
742, -3.720025
743, -3.720460
744, -3.720894
745, -3.721327
746, -3.721758
747, -3.722187
748, -3.722615
749, -3.723042
750, -3.723467
751, -3.723890
752, -3.724312
753, -3.724733
754, -3.725152
755, -3.725570
756, -3.725987
757, -3.726402
758, -3.726815
759, -3.727227
760, -3.727638
761, -3.728047
762, -3.728455
763, -3.728862
764, -3.729267
765, -3.729671
766, -3.730073
767, -3.730474
768, -3.730874
769, -3.731272
770, -3.731669
771, -3.732064
772, -3.732458
773, -3.732851
774, -3.733243
775, -3.733633
776, -3.734022
777, -3.734409
778, -3.734795
779, -3.735180
780, -3.735564
781, -3.735946
782, -3.736327
783, -3.736706
784, -3.737085
785, -3.737462
786, -3.737837
787, -3.738212
788, -3.738585
789, -3.738957
790, -3.739327
791, -3.739697
792, -3.740065
793, -3.740432
794, -3.740797
795, -3.741162
796, -3.741525
797, -3.741886
798, -3.742247
799, -3.742606
800, -3.742965
801, -3.743322
802, -3.743677
803, -3.744032
804, -3.744385
805, -3.744737
806, -3.745088
807, -3.745438
808, -3.745786
809, -3.746133
810, -3.746480
811, -3.746825
812, -3.747168
813, -3.747511
814, -3.747852
815, -3.748193
816, -3.748532
817, -3.748870
818, -3.749206
819, -3.749542
820, -3.749876
821, -3.750210
822, -3.750542
823, -3.750873
824, -3.751203
825, -3.751532
826, -3.751860
827, -3.752186
828, -3.752512
829, -3.752836
830, -3.753159
831, -3.753481
832, -3.753803
833, -3.754123
834, -3.754441
835, -3.754759
836, -3.755076
837, -3.755392
838, -3.755706
839, -3.756020
840, -3.756332
841, -3.756643
842, -3.756954
843, -3.757263
844, -3.757571
845, -3.757878
846, -3.758184
847, -3.758489
848, -3.758793
849, -3.759096
850, -3.759398
851, -3.759699
852, -3.759999
853, -3.760298
854, -3.760596
855, -3.760893
856, -3.761188
857, -3.761483
858, -3.761777
859, -3.762070
860, -3.762362
861, -3.762652
862, -3.762942
863, -3.763231
864, -3.763519
865, -3.763806
866, -3.764092
867, -3.764377
868, -3.764661
869, -3.764944
870, -3.765226
871, -3.765507
872, -3.765787
873, -3.766066
874, -3.766344
875, -3.766621
876, -3.766898
877, -3.767173
878, -3.767448
879, -3.767721
880, -3.767994
881, -3.768265
882, -3.768536
883, -3.768806
884, -3.769075
885, -3.769343
886, -3.769610
887, -3.769876
888, -3.770141
889, -3.770406
890, -3.770669
891, -3.770932
892, -3.771193
893, -3.771454
894, -3.771714
895, -3.771973
896, -3.772231
897, -3.772488
898, -3.772745
899, -3.773000
900, -3.773255
901, -3.773508
902, -3.773761
903, -3.774013
904, -3.774264
905, -3.774515
906, -3.774764
907, -3.775013
908, -3.775261
909, -3.775508
910, -3.775754
911, -3.775999
912, -3.776243
913, -3.776487
914, -3.776730
915, -3.776972
916, -3.777213
917, -3.777453
918, -3.777692
919, -3.777931
920, -3.778169
921, -3.778406
922, -3.778642
923, -3.778878
924, -3.779112
925, -3.779346
926, -3.779579
927, -3.779811
928, -3.780043
929, -3.780273
930, -3.780503
931, -3.780732
932, -3.780961
933, -3.781188
934, -3.781415
935, -3.781641
936, -3.781866
937, -3.782091
938, -3.782314
939, -3.782537
940, -3.782759
941, -3.782981
942, -3.783202
943, -3.783421
944, -3.783641
945, -3.783859
946, -3.784077
947, -3.784294
948, -3.784510
949, -3.784725
950, -3.784940
951, -3.785154
952, -3.785367
953, -3.785580
954, -3.785792
955, -3.786003
956, -3.786213
957, -3.786423
958, -3.786632
959, -3.786840
960, -3.787048
961, -3.787254
962, -3.787461
963, -3.787666
964, -3.787871
965, -3.788075
966, -3.788278
967, -3.788481
968, -3.788683
969, -3.788884
970, -3.789085
971, -3.789285
972, -3.789484
973, -3.789682
974, -3.789880
975, -3.790077
976, -3.790274
977, -3.790470
978, -3.790665
979, -3.790859
980, -3.791053
981, -3.791247
982, -3.791439
983, -3.791631
984, -3.791822
985, -3.792013
986, -3.792203
987, -3.792392
988, -3.792581
989, -3.792769
990, -3.792956
991, -3.793143
992, -3.793329
993, -3.793514
994, -3.793699
995, -3.793883
996, -3.794067
997, -3.794250
998, -3.794432
999, -3.794614
