1, 365.624901
2, 210.726428
3, 146.173196
4, 114.487434
5, 96.765687
6, 85.820520
7, 78.541446
8, 73.423153
9, 69.666655
10, 66.814963
11, 64.590447
12, 62.815940
13, 61.373712
14, 60.182824
15, 59.186009
16, 58.341737
17, 57.619233
18, 56.995269
19, 56.452011
20, 55.975573
21, 55.554991
22, 55.181514
23, 54.848074
24, 54.548911
25, 54.279289
26, 54.035280
27, 53.813604
28, 53.611500
29, 53.426633
30, 53.257012
31, 53.100933
32, 52.956931
33, 52.823736
34, 52.700247
35, 52.585501
36, 52.478655
37, 52.378969
38, 52.285789
39, 52.198535
40, 52.116693
41, 52.039804
42, 51.967459
43, 51.899290
44, 51.834968
45, 51.774195
46, 51.716703
47, 51.662250
48, 51.610614
49, 51.561597
50, 51.515016
51, 51.470705
52, 51.428512
53, 51.388298
54, 51.349935
55, 51.313307
56, 51.278305
57, 51.244830
58, 51.212790
59, 51.182101
60, 51.152684
61, 51.124468
62, 51.097383
63, 51.071368
64, 51.046364
65, 51.022318
66, 50.999178
67, 50.976898
68, 50.955434
69, 50.934744
70, 50.914789
71, 50.895535
72, 50.876946
73, 50.858991
74, 50.841640
75, 50.824865
76, 50.808640
77, 50.792940
78, 50.777741
79, 50.763021
80, 50.748759
81, 50.734936
82, 50.721533
83, 50.708532
84, 50.695917
85, 50.683671
86, 50.671781
87, 50.660230
88, 50.649007
89, 50.638098
90, 50.627491
91, 50.617174
92, 50.607137
93, 50.597369
94, 50.587860
95, 50.578600
96, 50.569581
97, 50.560793
98, 50.552229
99, 50.543880
100, 50.535740
101, 50.527801
102, 50.520055
103, 50.512497
104, 50.505120
105, 50.497919
106, 50.490886
107, 50.484018
108, 50.477308
109, 50.470751
110, 50.464344
111, 50.458080
112, 50.451955
113, 50.445966
114, 50.440108
115, 50.434376
116, 50.428768
117, 50.423280
118, 50.417907
119, 50.412647
120, 50.407497
121, 50.402452
122, 50.397511
123, 50.392670
124, 50.387926
125, 50.383277
126, 50.378720
127, 50.374252
128, 50.369871
129, 50.365576
130, 50.361362
131, 50.357229
132, 50.353174
133, 50.349195
134, 50.345290
135, 50.341457
136, 50.337694
137, 50.334000
138, 50.330373
139, 50.326811
140, 50.323312
141, 50.319876
142, 50.316499
143, 50.313182
144, 50.309922
145, 50.306718
146, 50.303569
147, 50.300473
148, 50.297430
149, 50.294437
150, 50.291494
151, 50.288600
152, 50.285754
153, 50.282953
154, 50.280199
155, 50.277488
156, 50.274821
157, 50.272196
158, 50.269613
159, 50.267070
160, 50.264567
161, 50.262103
162, 50.259677
163, 50.257287
164, 50.254935
165, 50.252617
166, 50.250335
167, 50.248087
168, 50.245872
169, 50.243690
170, 50.241539
171, 50.239421
172, 50.237333
173, 50.235275
174, 50.233246
175, 50.231247
176, 50.229276
177, 50.227332
178, 50.225416
179, 50.223527
180, 50.221664
181, 50.219826
182, 50.218014
183, 50.216227
184, 50.214463
185, 50.212724
186, 50.211008
187, 50.209315
188, 50.207644
189, 50.205995
190, 50.204368
191, 50.202762
192, 50.201177
193, 50.199613
194, 50.198069
195, 50.196544
196, 50.195039
197, 50.193553
198, 50.192086
199, 50.190637
200, 50.189206
201, 50.187793
202, 50.186398
203, 50.185019
204, 50.183658
205, 50.182313
206, 50.180984
207, 50.179671
208, 50.178375
209, 50.177093
210, 50.175827
211, 50.174576
212, 50.173339
213, 50.172118
214, 50.170910
215, 50.169716
216, 50.168536
217, 50.167370
218, 50.166217
219, 50.165077
220, 50.163950
221, 50.162836
222, 50.161735
223, 50.160646
224, 50.159568
225, 50.158503
226, 50.157450
227, 50.156408
228, 50.155378
229, 50.154358
230, 50.153350
231, 50.152353
232, 50.151367
233, 50.150391
234, 50.149425
235, 50.148470
236, 50.147525
237, 50.146590
238, 50.145664
239, 50.144749
240, 50.143843
241, 50.142946
242, 50.142058
243, 50.141180
244, 50.140310
245, 50.139450
246, 50.138598
247, 50.137755
248, 50.136920
249, 50.136094
250, 50.135276
251, 50.134466
252, 50.133664
253, 50.132870
254, 50.132084
255, 50.131305
256, 50.130534
257, 50.129771
258, 50.129015
259, 50.128266
260, 50.127524
261, 50.126790
262, 50.126063
263, 50.125342
264, 50.124628
265, 50.123921
266, 50.123221
267, 50.122527
268, 50.121840
269, 50.121159
270, 50.120484
271, 50.119816
272, 50.119153
273, 50.118497
274, 50.117847
275, 50.117202
276, 50.116564
277, 50.115931
278, 50.115304
279, 50.114682
280, 50.114067
281, 50.113456
282, 50.112851
283, 50.112251
284, 50.111657
285, 50.111068
286, 50.110484
287, 50.109904
288, 50.109331
289, 50.108761
290, 50.108197
291, 50.107638
292, 50.107084
293, 50.106534
294, 50.105989
295, 50.105448
296, 50.104912
297, 50.104381
298, 50.103854
299, 50.103331
300, 50.102813
301, 50.102299
302, 50.101789
303, 50.101284
304, 50.100783
305, 50.100285
306, 50.099792
307, 50.099303
308, 50.098818
309, 50.098337
310, 50.097859
311, 50.097386
312, 50.096916
313, 50.096450
314, 50.095988
315, 50.095529
316, 50.095074
317, 50.094623
318, 50.094175
319, 50.093730
320, 50.093290
321, 50.092852
322, 50.092418
323, 50.091987
324, 50.091560
325, 50.091136
326, 50.090715
327, 50.090297
328, 50.089883
329, 50.089472
330, 50.089063
331, 50.088658
332, 50.088256
333, 50.087857
334, 50.087461
335, 50.087068
336, 50.086678
337, 50.086290
338, 50.085906
339, 50.085524
340, 50.085145
341, 50.084769
342, 50.084396
343, 50.084026
344, 50.083658
345, 50.083292
346, 50.082930
347, 50.082570
348, 50.082212
349, 50.081858
350, 50.081505
351, 50.081156
352, 50.080808
353, 50.080463
354, 50.080121
355, 50.079781
356, 50.079443
357, 50.079108
358, 50.078775
359, 50.078445
360, 50.078116
361, 50.077790
362, 50.077466
363, 50.077145
364, 50.076826
365, 50.076508
366, 50.076193
367, 50.075881
368, 50.075570
369, 50.075261
370, 50.074955
371, 50.074650
372, 50.074348
373, 50.074047
374, 50.073749
375, 50.073452
376, 50.073158
377, 50.072865
378, 50.072575
379, 50.072286
380, 50.072000
381, 50.071715
382, 50.071432
383, 50.071150
384, 50.070871
385, 50.070594
386, 50.070318
387, 50.070044
388, 50.069772
389, 50.069501
390, 50.069233
391, 50.068966
392, 50.068700
393, 50.068437
394, 50.068175
395, 50.067915
396, 50.067656
397, 50.067399
398, 50.067144
399, 50.066890
400, 50.066638
401, 50.066387
402, 50.066138
403, 50.065890
404, 50.065644
405, 50.065400
406, 50.065157
407, 50.064915
408, 50.064675
409, 50.064437
410, 50.064200
411, 50.063964
412, 50.063730
413, 50.063497
414, 50.063266
415, 50.063036
416, 50.062807
417, 50.062580
418, 50.062354
419, 50.062129
420, 50.061906
421, 50.061684
422, 50.061464
423, 50.061244
424, 50.061026
425, 50.060810
426, 50.060594
427, 50.060380
428, 50.060167
429, 50.059956
430, 50.059745
431, 50.059536
432, 50.059328
433, 50.059121
434, 50.058915
435, 50.058711
436, 50.058508
437, 50.058306
438, 50.058105
439, 50.057905
440, 50.057706
441, 50.057509
442, 50.057312
443, 50.057117
444, 50.056923
445, 50.056729
446, 50.056537
447, 50.056346
448, 50.056156
449, 50.055968
450, 50.055780
451, 50.055593
452, 50.055407
453, 50.055223
454, 50.055039
455, 50.054856
456, 50.054674
457, 50.054494
458, 50.054314
459, 50.054135
460, 50.053958
461, 50.053781
462, 50.053605
463, 50.053430
464, 50.053256
465, 50.053083
466, 50.052911
467, 50.052740
468, 50.052569
469, 50.052400
470, 50.052232
471, 50.052064
472, 50.051897
473, 50.051732
474, 50.051567
475, 50.051403
476, 50.051240
477, 50.051077
478, 50.050916
479, 50.050755
480, 50.050595
481, 50.050436
482, 50.050278
483, 50.050121
484, 50.049964
485, 50.049809
486, 50.049654
487, 50.049500
488, 50.049346
489, 50.049194
490, 50.049042
491, 50.048891
492, 50.048741
493, 50.048591
494, 50.048442
495, 50.048295
496, 50.048147
497, 50.048001
498, 50.047855
499, 50.047710
500, 50.047566
501, 50.047422
502, 50.047279
503, 50.047137
504, 50.046996
505, 50.046855
506, 50.046715
507, 50.046576
508, 50.046437
509, 50.046299
510, 50.046162
511, 50.046025
512, 50.045889
513, 50.045754
514, 50.045619
515, 50.045485
516, 50.045352
517, 50.045219
518, 50.045087
519, 50.044956
520, 50.044825
521, 50.044695
522, 50.044565
523, 50.044436
524, 50.044308
525, 50.044180
526, 50.044053
527, 50.043927
528, 50.043801
529, 50.043675
530, 50.043551
531, 50.043426
532, 50.043303
533, 50.043180
534, 50.043058
535, 50.042936
536, 50.042815
537, 50.042694
538, 50.042574
539, 50.042454
540, 50.042335
541, 50.042217
542, 50.042099
543, 50.041981
544, 50.041865
545, 50.041748
546, 50.041632
547, 50.041517
548, 50.041403
549, 50.041288
550, 50.041175
551, 50.041062
552, 50.040949
553, 50.040837
554, 50.040725
555, 50.040614
556, 50.040503
557, 50.040393
558, 50.040284
559, 50.040174
560, 50.040066
561, 50.039958
562, 50.039850
563, 50.039743
564, 50.039636
565, 50.039530
566, 50.039424
567, 50.039319
568, 50.039214
569, 50.039109
570, 50.039005
571, 50.038902
572, 50.038799
573, 50.038696
574, 50.038594
575, 50.038492
576, 50.038391
577, 50.038290
578, 50.038190
579, 50.038090
580, 50.037990
581, 50.037891
582, 50.037793
583, 50.037694
584, 50.037596
585, 50.037499
586, 50.037402
587, 50.037305
588, 50.037209
589, 50.037114
590, 50.037018
591, 50.036923
592, 50.036829
593, 50.036734
594, 50.036641
595, 50.036547
596, 50.036454
597, 50.036362
598, 50.036270
599, 50.036178
600, 50.036086
601, 50.035995
602, 50.035905
603, 50.035814
604, 50.035724
605, 50.035635
606, 50.035546
607, 50.035457
608, 50.035368
609, 50.035280
610, 50.035193
611, 50.035105
612, 50.035018
613, 50.034931
614, 50.034845
615, 50.034759
616, 50.034674
617, 50.034588
618, 50.034503
619, 50.034419
620, 50.034335
621, 50.034251
622, 50.034167
623, 50.034084
624, 50.034001
625, 50.033919
626, 50.033836
627, 50.033754
628, 50.033673
629, 50.033592
630, 50.033511
631, 50.033430
632, 50.033350
633, 50.033270
634, 50.033190
635, 50.033111
636, 50.033032
637, 50.032953
638, 50.032875
639, 50.032796
640, 50.032719
641, 50.032641
642, 50.032564
643, 50.032487
644, 50.032410
645, 50.032334
646, 50.032258
647, 50.032182
648, 50.032107
649, 50.032032
650, 50.031957
651, 50.031883
652, 50.031808
653, 50.031734
654, 50.031661
655, 50.031587
656, 50.031514
657, 50.031441
658, 50.031369
659, 50.031296
660, 50.031224
661, 50.031152
662, 50.031081
663, 50.031010
664, 50.030939
665, 50.030868
666, 50.030798
667, 50.030728
668, 50.030658
669, 50.030588
670, 50.030519
671, 50.030449
672, 50.030381
673, 50.030312
674, 50.030244
675, 50.030176
676, 50.030108
677, 50.030040
678, 50.029973
679, 50.029906
680, 50.029839
681, 50.029772
682, 50.029706
683, 50.029640
684, 50.029574
685, 50.029508
686, 50.029443
687, 50.029378
688, 50.029313
689, 50.029248
690, 50.029184
691, 50.029119
692, 50.029055
693, 50.028992
694, 50.028928
695, 50.028865
696, 50.028802
697, 50.028739
698, 50.028676
699, 50.028614
700, 50.028552
701, 50.028490
702, 50.028428
703, 50.028366
704, 50.028305
705, 50.028244
706, 50.028183
707, 50.028123
708, 50.028062
709, 50.028002
710, 50.027942
711, 50.027882
712, 50.027822
713, 50.027763
714, 50.027704
715, 50.027645
716, 50.027586
717, 50.027528
718, 50.027469
719, 50.027411
720, 50.027353
721, 50.027295
722, 50.027238
723, 50.027181
724, 50.027123
725, 50.027066
726, 50.027010
727, 50.026953
728, 50.026897
729, 50.026841
730, 50.026785
731, 50.026729
732, 50.026673
733, 50.026618
734, 50.026563
735, 50.026508
736, 50.026453
737, 50.026398
738, 50.026344
739, 50.026289
740, 50.026235
741, 50.026181
742, 50.026127
743, 50.026074
744, 50.026021
745, 50.025967
746, 50.025914
747, 50.025861
748, 50.025809
749, 50.025756
750, 50.025704
751, 50.025652
752, 50.025600
753, 50.025548
754, 50.025496
755, 50.025445
756, 50.025394
757, 50.025343
758, 50.025292
759, 50.025241
760, 50.025190
761, 50.025140
762, 50.025089
763, 50.025039
764, 50.024989
765, 50.024940
766, 50.024890
767, 50.024840
768, 50.024791
769, 50.024742
770, 50.024693
771, 50.024644
772, 50.024595
773, 50.024547
774, 50.024499
775, 50.024450
776, 50.024402
777, 50.024354
778, 50.024307
779, 50.024259
780, 50.024212
781, 50.024164
782, 50.024117
783, 50.024070
784, 50.024023
785, 50.023977
786, 50.023930
787, 50.023884
788, 50.023838
789, 50.023792
790, 50.023746
791, 50.023700
792, 50.023654
793, 50.023609
794, 50.023563
795, 50.023518
796, 50.023473
797, 50.023428
798, 50.023383
799, 50.023338
800, 50.023294
801, 50.023250
802, 50.023205
803, 50.023161
804, 50.023117
805, 50.023073
806, 50.023030
807, 50.022986
808, 50.022943
809, 50.022899
810, 50.022856
811, 50.022813
812, 50.022770
813, 50.022728
814, 50.022685
815, 50.022642
816, 50.022600
817, 50.022558
818, 50.022516
819, 50.022474
820, 50.022432
821, 50.022390
822, 50.022349
823, 50.022307
824, 50.022266
825, 50.022224
826, 50.022183
827, 50.022142
828, 50.022102
829, 50.022061
830, 50.022020
831, 50.021980
832, 50.021939
833, 50.021899
834, 50.021859
835, 50.021819
836, 50.021779
837, 50.021739
838, 50.021700
839, 50.021660
840, 50.021621
841, 50.021581
842, 50.021542
843, 50.021503
844, 50.021464
845, 50.021425
846, 50.021387
847, 50.021348
848, 50.021310
849, 50.021271
850, 50.021233
851, 50.021195
852, 50.021157
853, 50.021119
854, 50.021081
855, 50.021043
856, 50.021006
857, 50.020968
858, 50.020931
859, 50.020894
860, 50.020856
861, 50.020819
862, 50.020782
863, 50.020746
864, 50.020709
865, 50.020672
866, 50.020636
867, 50.020599
868, 50.020563
869, 50.020527
870, 50.020491
871, 50.020455
872, 50.020419
873, 50.020383
874, 50.020347
875, 50.020312
876, 50.020276
877, 50.020241
878, 50.020205
879, 50.020170
880, 50.020135
881, 50.020100
882, 50.020065
883, 50.020031
884, 50.019996
885, 50.019961
886, 50.019927
887, 50.019892
888, 50.019858
889, 50.019824
890, 50.019790
891, 50.019756
892, 50.019722
893, 50.019688
894, 50.019654
895, 50.019621
896, 50.019587
897, 50.019554
898, 50.019520
899, 50.019487
900, 50.019454
901, 50.019421
902, 50.019388
903, 50.019355
904, 50.019322
905, 50.019289
906, 50.019257
907, 50.019224
908, 50.019192
909, 50.019159
910, 50.019127
911, 50.019095
912, 50.019063
913, 50.019031
914, 50.018999
915, 50.018967
916, 50.018935
917, 50.018904
918, 50.018872
919, 50.018841
920, 50.018809
921, 50.018778
922, 50.018747
923, 50.018716
924, 50.018684
925, 50.018654
926, 50.018623
927, 50.018592
928, 50.018561
929, 50.018530
930, 50.018500
931, 50.018469
932, 50.018439
933, 50.018409
934, 50.018378
935, 50.018348
936, 50.018318
937, 50.018288
938, 50.018258
939, 50.018228
940, 50.018199
941, 50.018169
942, 50.018139
943, 50.018110
944, 50.018080
945, 50.018051
946, 50.018022
947, 50.017993
948, 50.017963
949, 50.017934
950, 50.017905
951, 50.017877
952, 50.017848
953, 50.017819
954, 50.017790
955, 50.017762
956, 50.017733
957, 50.017705
958, 50.017676
959, 50.017648
960, 50.017620
961, 50.017592
962, 50.017563
963, 50.017535
964, 50.017508
965, 50.017480
966, 50.017452
967, 50.017424
968, 50.017396
969, 50.017369
970, 50.017341
971, 50.017314
972, 50.017287
973, 50.017259
974, 50.017232
975, 50.017205
976, 50.017178
977, 50.017151
978, 50.017124
979, 50.017097
980, 50.017070
981, 50.017043
982, 50.017017
983, 50.016990
984, 50.016964
985, 50.016937
986, 50.016911
987, 50.016884
988, 50.016858
989, 50.016832
990, 50.016806
991, 50.016780
992, 50.016754
993, 50.016728
994, 50.016702
995, 50.016676
996, 50.016650
997, 50.016624
998, 50.016599
999, 50.016573
