372 4.595826 
373 4.588471 
374 4.588443 
375 4.588440 
376 4.588439 
377 4.588438 
378 4.588438 
379 4.588437 
380 4.588437 
381 4.588436 
382 4.588436 
383 4.588435 
384 4.588435 
385 4.588435 
386 4.588434 
387 4.588434 
388 4.588434 
389 4.588433 
390 4.588433 
391 4.588433 
392 4.588432 
393 4.588432 
394 4.588432 
395 4.588432 
396 4.588431 
397 4.588431 
398 4.588431 
399 4.588431 
400 4.588430 
401 4.588430 
402 4.588430 
403 4.588430 
404 4.588429 
405 4.588429 
406 4.588429 
407 4.588429 
408 4.588429 
409 4.588428 
410 4.588428 
411 4.588428 
412 4.588428 
413 4.588428 
414 4.588428 
415 4.588427 
416 4.588427 
417 4.588427 
418 4.588427 
419 4.588427 
420 4.588427 
421 4.588426 
422 4.588426 
423 4.588426 
424 4.588426 
425 4.588426 
426 4.588426 
427 4.588425 
428 4.588425 
429 4.588425 
430 4.588425 
431 4.588425 
432 4.588425 
433 4.588425 
434 4.588425 
435 4.588424 
436 4.588424 
437 4.588424 
438 4.588424 
439 4.588424 
440 4.588424 
441 4.588424 
442 4.588424 
443 4.588423 
444 4.588423 
445 4.588423 
446 4.588423 
447 4.588423 
448 4.588423 
449 4.588423 
450 4.588423 
451 4.588423 
452 4.588423 
453 4.588422 
454 4.588422 
455 4.588422 
456 4.588422 
457 4.588422 
458 4.588422 
459 4.588422 
460 4.588422 
461 4.588422 
462 4.588422 
463 4.588422 
464 4.588422 
465 4.588421 
466 4.588421 
467 4.588421 
468 4.588421 
469 4.588421 
470 4.588421 
471 4.588421 
472 4.588421 
473 4.588421 
474 4.588421 
475 4.588421 
476 4.588421 
477 4.588421 
478 4.588420 
479 4.588420 
480 4.588420 
481 4.588420 
482 4.588420 
483 4.588420 
484 4.588420 
485 4.588420 
486 4.588420 
487 4.588420 
488 4.588420 
489 4.588420 
490 4.588420 
491 4.588420 
492 4.588420 
493 4.588420 
494 4.588419 
495 4.588419 
496 4.588419 
497 4.588419 
498 4.588419 
499 4.588419 
500 4.588419 
501 4.588419 
502 4.588419 
503 4.588419 
504 4.588419 
505 4.588419 
506 4.588419 
507 4.588419 
508 4.588419 
509 4.588419 
510 4.588419 
