0 8.000000 
1 5.413038 
2 4.832933 
3 4.616686 
4 4.509005 
5 4.443224 
6 4.397756 
7 4.364431 
8 4.339481 
9 4.320760 
10 4.306819 
11 4.296568 
12 4.289140 
13 4.283844 
14 4.280135 
15 4.277590 
16 4.275888 
17 4.274786 
18 4.274108 
19 4.273722 
20 4.273536 
21 4.273481 
22 4.273511 
23 4.273592 
24 4.273702 
25 4.273826 
26 4.273954 
27 4.274078 
28 4.274196 
29 4.274305 
30 4.274404 
31 4.274493 
32 4.274572 
33 4.274641 
34 4.274703 
35 4.274756 
36 4.274803 
37 4.274843 
38 4.274878 
39 4.274909 
40 4.274935 
41 4.274957 
42 4.274976 
43 4.274993 
44 4.275007 
45 4.275019 
46 4.275030 
47 4.275038 
48 4.275046 
49 4.275053 
50 4.275058 
51 4.275063 
52 4.275067 
53 4.275071 
54 4.275073 
55 4.275076 
56 4.275078 
57 4.275080 
58 4.275082 
59 4.275083 
60 4.275084 
61 4.275085 
62 4.275086 
63 4.275087 
64 4.275087 
65 4.275088 
66 4.275088 
67 4.275089 
68 4.275089 
69 4.275089 
70 4.275090 
71 4.275090 
72 4.275090 
73 4.275090 
74 4.275090 
75 4.275090 
76 4.275090 
77 4.275090 
78 4.275091 
79 4.275091 
80 4.275091 
