214 4.597645 
215 4.572378 
216 4.572133 
217 4.572090 
218 4.572064 
219 4.572043 
220 4.572026 
221 4.572010 
222 4.571996 
223 4.571983 
224 4.571971 
225 4.571960 
226 4.571950 
227 4.571941 
228 4.571932 
229 4.571924 
230 4.571916 
231 4.571909 
232 4.571903 
233 4.571896 
234 4.571890 
235 4.571885 
236 4.571880 
237 4.571875 
238 4.571870 
239 4.571866 
240 4.571861 
241 4.571857 
242 4.571854 
243 4.571850 
244 4.571847 
245 4.571843 
246 4.571840 
247 4.571837 
248 4.571834 
249 4.571832 
250 4.571829 
251 4.571827 
252 4.571825 
253 4.571822 
254 4.571820 
255 4.571818 
256 4.571816 
257 4.571814 
258 4.571813 
259 4.571811 
260 4.571809 
261 4.571808 
262 4.571806 
263 4.571805 
264 4.571804 
265 4.571802 
266 4.571801 
267 4.571800 
268 4.571799 
269 4.571798 
270 4.571797 
271 4.571796 
272 4.571795 
273 4.571794 
274 4.571793 
275 4.571792 
276 4.571791 
277 4.571790 
278 4.571790 
279 4.571789 
280 4.571788 
281 4.571787 
282 4.571787 
283 4.571786 
284 4.571786 
285 4.571785 
286 4.571784 
287 4.571784 
288 4.571783 
289 4.571783 
290 4.571782 
291 4.571782 
292 4.571781 
293 4.571781 
294 4.571781 
295 4.571780 
296 4.571780 
297 4.571779 
298 4.571779 
299 4.571779 
300 4.571778 
301 4.571778 
302 4.571778 
303 4.571777 
304 4.571777 
305 4.571777 
306 4.571777 
307 4.571776 
308 4.571776 
309 4.571776 
310 4.571775 
311 4.571775 
312 4.571775 
313 4.571775 
314 4.571775 
315 4.571774 
316 4.571774 
317 4.571774 
318 4.571774 
319 4.571774 
320 4.571773 
321 4.571773 
322 4.571773 
323 4.571773 
324 4.571773 
325 4.571773 
326 4.571773 
327 4.571772 
328 4.571772 
329 4.571772 
330 4.571772 
331 4.571772 
332 4.571772 
333 4.571772 
334 4.571771 
335 4.571771 
336 4.571771 
337 4.571771 
338 4.571771 
339 4.571771 
340 4.571771 
341 4.571771 
342 4.571771 
343 4.571771 
344 4.571770 
345 4.571770 
346 4.571770 
347 4.571770 
348 4.571770 
349 4.571770 
350 4.571770 
351 4.571770 
352 4.571770 
353 4.571770 
354 4.571770 
355 4.571770 
356 4.571770 
357 4.571770 
358 4.571769 
359 4.571769 
360 4.571769 
361 4.571769 
362 4.571769 
363 4.571769 
364 4.571769 
365 4.571769 
366 4.571769 
367 4.571769 
368 4.571769 
369 4.571769 
370 4.571769 
371 4.571769 
