0.000000 0.000000 0.000000 
0.000000 1.600000 0.195090 
0.000000 3.200000 0.382683 
0.000000 4.800000 0.555570 
0.000000 6.400000 0.707107 
0.000000 8.000000 0.831470 
0.000000 9.600000 0.923880 
0.000000 11.200000 0.980785 
0.000000 12.800000 1.000000 
0.000000 14.400000 0.980785 
0.000000 16.000000 0.923880 
0.000000 17.600000 0.831470 
0.000000 19.200000 0.707107 
0.000000 20.800000 0.555570 
0.000000 22.400000 0.382683 
0.000000 24.000000 0.195090 
0.000000 25.600000 0.000000 

1.600000 0.000000 0.382683 
1.600000 1.600000 0.422694 
1.600000 3.200000 0.495857 
1.600000 4.800000 0.583311 
1.600000 6.400000 0.670721 
1.600000 8.000000 0.747162 
1.600000 9.600000 0.804383 
1.600000 11.200000 0.836317 
1.600000 12.800000 0.838726 
1.600000 14.400000 0.808902 
1.600000 16.000000 0.745380 
1.600000 17.600000 0.647587 
1.600000 19.200000 0.515416 
1.600000 20.800000 0.348631 
1.600000 22.400000 0.146076 
1.600000 24.000000 -0.095439 
1.600000 25.600000 -0.382683 

3.200000 0.000000 0.707107 
3.200000 1.600000 0.617145 
3.200000 3.200000 0.594739 
3.200000 4.800000 0.611094 
3.200000 6.400000 0.645305 
3.200000 8.000000 0.682075 
3.200000 9.600000 0.710173 
3.200000 11.200000 0.721374 
3.200000 12.800000 0.709682 
3.200000 14.400000 0.670718 
3.200000 16.000000 0.601148 
3.200000 17.600000 0.498084 
3.200000 19.200000 0.358338 
3.200000 20.800000 0.177463 
3.200000 22.400000 -0.051572 
3.200000 24.000000 -0.340241 
3.200000 25.600000 -0.707107 

4.800000 0.000000 0.923880 
4.800000 1.600000 0.744040 
4.800000 3.200000 0.654860 
4.800000 4.800000 0.621020 
4.800000 6.400000 0.617328 
4.800000 8.000000 0.625656 
4.800000 9.600000 0.632859 
4.800000 11.200000 0.629322 
4.800000 12.800000 0.607910 
4.800000 14.400000 0.563136 
4.800000 16.000000 0.490412 
4.800000 17.600000 0.385261 
4.800000 19.200000 0.242387 
4.800000 20.800000 0.054453 
4.800000 22.400000 -0.189586 
4.800000 24.000000 -0.506845 
4.800000 25.600000 -0.923880 

6.400000 0.000000 1.000000 
6.400000 1.600000 0.780274 
6.400000 3.200000 0.659641 
6.400000 4.800000 0.600797 
6.400000 6.400000 0.577328 
6.400000 8.000000 0.570362 
6.400000 9.600000 0.566284 
6.400000 11.200000 0.555143 
6.400000 12.800000 0.529497 
6.400000 14.400000 0.483504 
6.400000 16.000000 0.412099 
6.400000 17.600000 0.310160 
6.400000 19.200000 0.171495 
6.400000 20.800000 -0.012451 
6.400000 22.400000 -0.254381 
6.400000 24.000000 -0.573674 
6.400000 25.600000 -1.000000 

8.000000 0.000000 0.923880 
8.000000 1.600000 0.717414 
8.000000 3.200000 0.602633 
8.000000 4.800000 0.545197 
8.000000 6.400000 0.520823 
8.000000 8.000000 0.512179 
8.000000 9.600000 0.506770 
8.000000 11.200000 0.495466 
8.000000 12.800000 0.471431 
8.000000 14.400000 0.429279 
8.000000 16.000000 0.364321 
8.000000 17.600000 0.271782 
8.000000 19.200000 0.145881 
8.000000 20.800000 -0.021371 
8.000000 22.400000 -0.241815 
8.000000 24.000000 -0.533471 
8.000000 25.600000 -0.923880 

9.600000 0.000000 0.707107 
9.600000 1.600000 0.562871 
9.600000 3.200000 0.488276 
9.600000 4.800000 0.456533 
9.600000 6.400000 0.448586 
9.600000 8.000000 0.450758 
9.600000 9.600000 0.453147 
9.600000 11.200000 0.448516 
9.600000 12.800000 0.431478 
9.600000 14.400000 0.397859 
9.600000 16.000000 0.344121 
9.600000 17.600000 0.266765 
9.600000 19.200000 0.161617 
9.600000 20.800000 0.022900 
9.600000 22.400000 -0.158037 
9.600000 24.000000 -0.394516 
9.600000 25.600000 -0.707107 

11.200000 0.000000 0.382683 
11.200000 1.600000 0.338685 
11.200000 3.200000 0.331067 
11.200000 4.800000 0.344072 
11.200000 6.400000 0.366228 
11.200000 8.000000 0.389116 
11.200000 9.600000 0.406543 
11.200000 11.200000 0.413971 
11.200000 12.800000 0.408105 
11.200000 14.400000 0.386555 
11.200000 16.000000 0.347537 
11.200000 17.600000 0.289538 
11.200000 19.200000 0.210920 
11.200000 20.800000 0.109390 
11.200000 22.400000 -0.018717 
11.200000 24.000000 -0.179450 
11.200000 25.600000 -0.382683 

12.800000 0.000000 0.000000 
12.800000 1.600000 0.078117 
12.800000 3.200000 0.153233 
12.800000 4.800000 0.222459 
12.800000 6.400000 0.283136 
12.800000 8.000000 0.332932 
12.800000 9.600000 0.369934 
12.800000 11.200000 0.392719 
12.800000 12.800000 0.400412 
12.800000 14.400000 0.392717 
12.800000 16.000000 0.369931 
12.800000 17.600000 0.332929 
12.800000 19.200000 0.283132 
12.800000 20.800000 0.222455 
12.800000 22.400000 0.153229 
12.800000 24.000000 0.078116 
12.800000 25.600000 -0.000000 

14.400000 0.000000 -0.382683 
14.400000 1.600000 -0.179449 
14.400000 3.200000 -0.018714 
14.400000 4.800000 0.109393 
14.400000 6.400000 0.210922 
14.400000 8.000000 0.289540 
14.400000 9.600000 0.347538 
14.400000 11.200000 0.386555 
14.400000 12.800000 0.408104 
14.400000 14.400000 0.413969 
14.400000 16.000000 0.406539 
14.400000 17.600000 0.389111 
14.400000 19.200000 0.366223 
14.400000 20.800000 0.344068 
14.400000 22.400000 0.331063 
14.400000 24.000000 0.338683 
14.400000 25.600000 0.382683 

16.000000 0.000000 -0.707107 
16.000000 1.600000 -0.394515 
16.000000 3.200000 -0.158035 
16.000000 4.800000 0.022902 
16.000000 6.400000 0.161619 
16.000000 8.000000 0.266766 
16.000000 9.600000 0.344121 
16.000000 11.200000 0.397858 
16.000000 12.800000 0.431476 
16.000000 14.400000 0.448513 
16.000000 16.000000 0.453142 
16.000000 17.600000 0.450752 
16.000000 19.200000 0.448581 
16.000000 20.800000 0.456528 
16.000000 22.400000 0.488272 
16.000000 24.000000 0.562869 
16.000000 25.600000 0.707107 

17.600000 0.000000 -0.923880 
17.600000 1.600000 -0.533470 
17.600000 3.200000 -0.241814 
17.600000 4.800000 -0.021370 
17.600000 6.400000 0.145882 
17.600000 8.000000 0.271782 
17.600000 9.600000 0.364320 
17.600000 11.200000 0.429277 
17.600000 12.800000 0.471427 
17.600000 14.400000 0.495461 
17.600000 16.000000 0.506764 
17.600000 17.600000 0.512173 
17.600000 19.200000 0.520817 
17.600000 20.800000 0.545192 
17.600000 22.400000 0.602629 
17.600000 24.000000 0.717412 
17.600000 25.600000 0.923880 

19.200000 0.000000 -1.000000 
19.200000 1.600000 -0.573674 
19.200000 3.200000 -0.254381 
19.200000 4.800000 -0.012450 
19.200000 6.400000 0.171495 
19.200000 8.000000 0.310159 
19.200000 9.600000 0.412098 
19.200000 11.200000 0.483501 
19.200000 12.800000 0.529493 
19.200000 14.400000 0.555138 
19.200000 16.000000 0.566279 
19.200000 17.600000 0.570357 
19.200000 19.200000 0.577322 
19.200000 20.800000 0.600792 
19.200000 22.400000 0.659638 
19.200000 24.000000 0.780272 
19.200000 25.600000 1.000000 

20.800000 0.000000 -0.923880 
20.800000 1.600000 -0.506845 
20.800000 3.200000 -0.189586 
20.800000 4.800000 0.054453 
20.800000 6.400000 0.242386 
20.800000 8.000000 0.385260 
20.800000 9.600000 0.490410 
20.800000 11.200000 0.563133 
20.800000 12.800000 0.607906 
20.800000 14.400000 0.629318 
20.800000 16.000000 0.632854 
20.800000 17.600000 0.625651 
20.800000 19.200000 0.617323 
20.800000 20.800000 0.621016 
20.800000 22.400000 0.654857 
20.800000 24.000000 0.744038 
20.800000 25.600000 0.923880 

22.400000 0.000000 -0.707107 
22.400000 1.600000 -0.340241 
22.400000 3.200000 -0.051572 
22.400000 4.800000 0.177462 
22.400000 6.400000 0.358337 
22.400000 8.000000 0.498083 
22.400000 9.600000 0.601147 
22.400000 11.200000 0.670715 
22.400000 12.800000 0.709679 
22.400000 14.400000 0.721370 
22.400000 16.000000 0.710169 
22.400000 17.600000 0.682071 
22.400000 19.200000 0.645301 
22.400000 20.800000 0.611091 
22.400000 22.400000 0.594737 
22.400000 24.000000 0.617144 
22.400000 25.600000 0.707107 

24.000000 0.000000 -0.382683 
24.000000 1.600000 -0.095439 
24.000000 3.200000 0.146076 
24.000000 4.800000 0.348631 
24.000000 6.400000 0.515415 
24.000000 8.000000 0.647587 
24.000000 9.600000 0.745378 
24.000000 11.200000 0.808901 
24.000000 12.800000 0.838724 
24.000000 14.400000 0.836315 
24.000000 16.000000 0.804381 
24.000000 17.600000 0.747160 
24.000000 19.200000 0.670719 
24.000000 20.800000 0.583309 
24.000000 22.400000 0.495856 
24.000000 24.000000 0.422693 
24.000000 25.600000 0.382683 

25.600000 0.000000 0.000000 
25.600000 1.600000 0.195090 
25.600000 3.200000 0.382683 
25.600000 4.800000 0.555570 
25.600000 6.400000 0.707107 
25.600000 8.000000 0.831470 
25.600000 9.600000 0.923880 
25.600000 11.200000 0.980785 
25.600000 12.800000 1.000000 
25.600000 14.400000 0.980785 
25.600000 16.000000 0.923880 
25.600000 17.600000 0.831470 
25.600000 19.200000 0.707107 
25.600000 20.800000 0.555570 
25.600000 22.400000 0.382683 
25.600000 24.000000 0.195090 
25.600000 25.600000 0.000000 

