0.000000 0.000000 0.000000 
0.000000 0.800000 0.098017 
0.000000 1.600000 0.195090 
0.000000 2.400000 0.290285 
0.000000 3.200000 0.382683 
0.000000 4.000000 0.471397 
0.000000 4.800000 0.555570 
0.000000 5.600000 0.634393 
0.000000 6.400000 0.707107 
0.000000 7.200000 0.773010 
0.000000 8.000000 0.831470 
0.000000 8.800000 0.881921 
0.000000 9.600000 0.923880 
0.000000 10.400000 0.956940 
0.000000 11.200000 0.980785 
0.000000 12.000000 0.995185 
0.000000 12.800000 1.000000 
0.000000 13.600000 0.995185 
0.000000 14.400000 0.980785 
0.000000 15.200000 0.956940 
0.000000 16.000000 0.923880 
0.000000 16.800000 0.881921 
0.000000 17.600000 0.831470 
0.000000 18.400000 0.773010 
0.000000 19.200000 0.707107 
0.000000 20.000000 0.634393 
0.000000 20.800000 0.555570 
0.000000 21.600000 0.471397 
0.000000 22.400000 0.382683 
0.000000 23.200000 0.290285 
0.000000 24.000000 0.195090 
0.000000 24.800000 0.098017 
0.000000 25.600000 0.000000 

0.800000 0.000000 0.195090 
0.800000 0.800000 0.249927 
0.800000 1.600000 0.310058 
0.800000 2.400000 0.373529 
0.800000 3.200000 0.438591 
0.800000 4.000000 0.503685 
0.800000 4.800000 0.567411 
0.800000 5.600000 0.628517 
0.800000 6.400000 0.685886 
0.800000 7.200000 0.738527 
0.800000 8.000000 0.785566 
0.800000 8.800000 0.826239 
0.800000 9.600000 0.859891 
0.800000 10.400000 0.885972 
0.800000 11.200000 0.904031 
0.800000 12.000000 0.913712 
0.800000 12.800000 0.914755 
0.800000 13.600000 0.906989 
0.800000 14.400000 0.890327 
0.800000 15.200000 0.864760 
0.800000 16.000000 0.830356 
0.800000 16.800000 0.787246 
0.800000 17.600000 0.735617 
0.800000 18.400000 0.675704 
0.800000 19.200000 0.607774 
0.800000 20.000000 0.532113 
0.800000 20.800000 0.449012 
0.800000 21.600000 0.358741 
0.800000 22.400000 0.261532 
0.800000 23.200000 0.157551 
0.800000 24.000000 0.046862 
0.800000 24.800000 -0.070603 
0.800000 25.600000 -0.195090 

1.600000 0.000000 0.382683 
1.600000 0.800000 0.396541 
1.600000 1.600000 0.421688 
1.600000 2.400000 0.455180 
1.600000 3.200000 0.494468 
1.600000 4.000000 0.537340 
1.600000 4.800000 0.581870 
1.600000 5.600000 0.626376 
1.600000 6.400000 0.669394 
1.600000 7.200000 0.709646 
1.600000 8.000000 0.746026 
1.600000 8.800000 0.777575 
1.600000 9.600000 0.803474 
1.600000 10.400000 0.823026 
1.600000 11.200000 0.835652 
1.600000 12.000000 0.840876 
1.600000 12.800000 0.838319 
1.600000 13.600000 0.827689 
1.600000 14.400000 0.808771 
1.600000 15.200000 0.781417 
1.600000 16.000000 0.745539 
1.600000 16.800000 0.701089 
1.600000 17.600000 0.648049 
1.600000 18.400000 0.586414 
1.600000 19.200000 0.516170 
1.600000 20.000000 0.437273 
1.600000 20.800000 0.349622 
1.600000 21.600000 0.253023 
1.600000 22.400000 0.147155 
1.600000 23.200000 0.031524 
1.600000 24.000000 -0.094591 
1.600000 24.800000 -0.232201 
1.600000 25.600000 -0.382683 

2.400000 0.000000 0.555570 
2.400000 0.800000 0.531865 
2.400000 1.600000 0.524972 
2.400000 2.400000 0.531033 
2.400000 3.200000 0.546760 
2.400000 4.000000 0.569338 
2.400000 4.800000 0.596351 
2.400000 5.600000 0.625722 
2.400000 6.400000 0.655664 
2.400000 7.200000 0.684637 
2.400000 8.000000 0.711315 
2.400000 8.800000 0.734561 
2.400000 9.600000 0.753400 
2.400000 10.400000 0.767005 
2.400000 11.200000 0.774674 
2.400000 12.000000 0.775821 
2.400000 12.800000 0.769956 
2.400000 13.600000 0.756675 
2.400000 14.400000 0.735648 
2.400000 15.200000 0.706598 
2.400000 16.000000 0.669293 
2.400000 16.800000 0.623520 
2.400000 17.600000 0.569075 
2.400000 18.400000 0.505731 
2.400000 19.200000 0.433218 
2.400000 20.000000 0.351188 
2.400000 20.800000 0.259179 
2.400000 21.600000 0.156572 
2.400000 22.400000 0.042539 
2.400000 23.200000 -0.084020 
2.400000 24.000000 -0.224549 
2.400000 24.800000 -0.380927 
2.400000 25.600000 -0.555570 

3.200000 0.000000 0.707107 
3.200000 0.800000 0.650377 
3.200000 1.600000 0.615300 
3.200000 2.400000 0.597221 
3.200000 3.200000 0.592201 
3.200000 4.000000 0.596899 
3.200000 4.800000 0.608471 
3.200000 5.600000 0.624496 
3.200000 6.400000 0.642903 
3.200000 7.200000 0.661921 
3.200000 8.000000 0.680035 
3.200000 8.800000 0.695951 
3.200000 9.600000 0.708559 
3.200000 10.400000 0.716917 
3.200000 11.200000 0.720217 
3.200000 12.000000 0.717774 
3.200000 12.800000 0.709005 
3.200000 13.600000 0.693407 
3.200000 14.400000 0.670546 
3.200000 15.200000 0.640034 
3.200000 16.000000 0.601511 
3.200000 16.800000 0.554623 
3.200000 17.600000 0.498997 
3.200000 18.400000 0.434217 
3.200000 19.200000 0.359783 
3.200000 20.000000 0.275081 
3.200000 20.800000 0.179334 
3.200000 21.600000 0.071548 
3.200000 22.400000 -0.049551 
3.200000 23.200000 -0.185593 
3.200000 24.000000 -0.338659 
3.200000 24.800000 -0.511387 
3.200000 25.600000 -0.707107 

4.000000 0.000000 0.831470 
4.000000 0.800000 0.747234 
4.000000 1.600000 0.688630 
4.000000 2.400000 0.650348 
4.000000 3.200000 0.627922 
4.000000 4.000000 0.617582 
4.000000 4.800000 0.616138 
4.000000 5.600000 0.620886 
4.000000 6.400000 0.629527 
4.000000 7.200000 0.640105 
4.000000 8.000000 0.650952 
4.000000 8.800000 0.660644 
4.000000 9.600000 0.667968 
4.000000 10.400000 0.671883 
4.000000 11.200000 0.671499 
4.000000 12.000000 0.666052 
4.000000 12.800000 0.654879 
4.000000 13.600000 0.637400 
4.000000 14.400000 0.613093 
4.000000 15.200000 0.581479 
4.000000 16.000000 0.542092 
4.000000 16.800000 0.494461 
4.000000 17.600000 0.438074 
4.000000 18.400000 0.372354 
4.000000 19.200000 0.296614 
4.000000 20.000000 0.210018 
4.000000 20.800000 0.111526 
4.000000 21.600000 -0.000165 
4.000000 22.400000 -0.126698 
4.000000 23.200000 -0.270144 
4.000000 24.000000 -0.433107 
4.000000 24.800000 -0.618855 
4.000000 25.600000 -0.831470 

4.800000 0.000000 0.923880 
4.800000 0.800000 0.818461 
4.800000 1.600000 0.741635 
4.800000 2.400000 0.687618 
4.800000 3.200000 0.651556 
4.800000 4.000000 0.629368 
4.800000 4.800000 0.617612 
4.800000 5.600000 0.613381 
4.800000 6.400000 0.614212 
4.800000 7.200000 0.618017 
4.800000 8.000000 0.623019 
4.800000 8.800000 0.627704 
4.800000 9.600000 0.630781 
4.800000 10.400000 0.631144 
4.800000 11.200000 0.627842 
4.800000 12.000000 0.620053 
4.800000 12.800000 0.607058 
4.800000 13.600000 0.588216 
4.800000 14.400000 0.562945 
4.800000 15.200000 0.530693 
4.800000 16.000000 0.490916 
4.800000 16.800000 0.443051 
4.800000 17.600000 0.386482 
4.800000 18.400000 0.320508 
4.800000 19.200000 0.244299 
4.800000 20.000000 0.156848 
4.800000 20.800000 0.056917 
4.800000 21.600000 -0.057036 
4.800000 22.400000 -0.186933 
4.800000 23.200000 -0.335178 
4.800000 24.000000 -0.504772 
4.800000 24.800000 -0.699456 
4.800000 25.600000 -0.923880 

5.600000 0.000000 0.980785 
5.600000 0.800000 0.861094 
5.600000 1.600000 0.771832 
5.600000 2.400000 0.706932 
5.600000 3.200000 0.661315 
5.600000 4.000000 0.630718 
5.600000 4.800000 0.611557 
5.600000 5.600000 0.600809 
5.600000 6.400000 0.595921 
5.600000 7.200000 0.594730 
5.600000 8.000000 0.595400 
5.600000 8.800000 0.596369 
5.600000 9.600000 0.596305 
5.600000 10.400000 0.594066 
5.600000 11.200000 0.588669 
5.600000 12.000000 0.579257 
5.600000 12.800000 0.565079 
5.600000 13.600000 0.545459 
5.600000 14.400000 0.519774 
5.600000 15.200000 0.487428 
5.600000 16.000000 0.447825 
5.600000 16.800000 0.400342 
5.600000 17.600000 0.344294 
5.600000 18.400000 0.278896 
5.600000 19.200000 0.203223 
5.600000 20.000000 0.116157 
5.600000 20.800000 0.016327 
5.600000 21.600000 -0.097964 
5.600000 22.400000 -0.228820 
5.600000 23.200000 -0.378863 
5.600000 24.000000 -0.551348 
5.600000 24.800000 -0.750318 
5.600000 25.600000 -0.980785 

6.400000 0.000000 1.000000 
6.400000 0.800000 0.873297 
6.400000 1.600000 0.777664 
6.400000 2.400000 0.706960 
6.400000 3.200000 0.656050 
6.400000 4.000000 0.620631 
6.400000 4.800000 0.597087 
6.400000 5.600000 0.582375 
6.400000 6.400000 0.573929 
6.400000 7.200000 0.569577 
6.400000 8.000000 0.567477 
6.400000 8.800000 0.566063 
6.400000 9.600000 0.564000 
6.400000 10.400000 0.560144 
6.400000 11.200000 0.553505 
6.400000 12.000000 0.543223 
6.400000 12.800000 0.528538 
6.400000 13.600000 0.508763 
6.400000 14.400000 0.483260 
6.400000 15.200000 0.451416 
6.400000 16.000000 0.412611 
6.400000 16.800000 0.366196 
6.400000 17.600000 0.311451 
6.400000 18.400000 0.247556 
6.400000 19.200000 0.173538 
6.400000 20.000000 0.088228 
6.400000 20.800000 -0.009805 
6.400000 21.600000 -0.122327 
6.400000 22.400000 -0.251523 
6.400000 23.200000 -0.400106 
6.400000 24.000000 -0.571438 
6.400000 24.800000 -0.769685 
6.400000 25.600000 -1.000000 

7.200000 0.000000 0.980785 
7.200000 0.800000 0.854429 
7.200000 1.600000 0.758566 
7.200000 2.400000 0.687193 
7.200000 3.200000 0.635294 
7.200000 4.000000 0.598665 
7.200000 4.800000 0.573780 
7.200000 5.600000 0.557673 
7.200000 6.400000 0.547840 
7.200000 7.200000 0.542168 
7.200000 8.000000 0.538863 
7.200000 8.800000 0.536402 
7.200000 9.600000 0.533485 
7.200000 10.400000 0.528998 
7.200000 11.200000 0.521979 
7.200000 12.000000 0.511588 
7.200000 12.800000 0.497083 
7.200000 13.600000 0.477790 
7.200000 14.400000 0.453084 
7.200000 15.200000 0.422360 
7.200000 16.000000 0.385005 
7.200000 16.800000 0.340375 
7.200000 17.600000 0.287757 
7.200000 18.400000 0.226334 
7.200000 19.200000 0.155142 
7.200000 20.000000 0.073021 
7.200000 20.800000 -0.021450 
7.200000 21.600000 -0.130017 
7.200000 22.400000 -0.254841 
7.200000 23.200000 -0.398601 
7.200000 24.000000 -0.564613 
7.200000 24.800000 -0.756983 
7.200000 25.600000 -0.980785 

8.000000 0.000000 0.923880 
8.000000 0.800000 0.805067 
8.000000 1.600000 0.714977 
8.000000 2.400000 0.647951 
8.000000 3.200000 0.599263 
8.000000 4.000000 0.564952 
8.000000 4.800000 0.541694 
8.000000 5.600000 0.526692 
8.000000 6.400000 0.517587 
8.000000 7.200000 0.512386 
8.000000 8.000000 0.509400 
8.000000 8.800000 0.507191 
8.000000 9.600000 0.504535 
8.000000 10.400000 0.500380 
8.000000 11.200000 0.493820 
8.000000 12.000000 0.484063 
8.000000 12.800000 0.470410 
8.000000 13.600000 0.452226 
8.000000 14.400000 0.428922 
8.000000 15.200000 0.399929 
8.000000 16.000000 0.364670 
8.000000 16.800000 0.322538 
8.000000 17.600000 0.272864 
8.000000 18.400000 0.214878 
8.000000 19.200000 0.147674 
8.000000 20.000000 0.070159 
8.000000 20.800000 -0.019001 
8.000000 21.600000 -0.121451 
8.000000 22.400000 -0.239226 
8.000000 23.200000 -0.374845 
8.000000 24.000000 -0.531431 
8.000000 24.800000 -0.712850 
8.000000 25.600000 -0.923880 

8.800000 0.000000 0.831470 
8.800000 0.800000 0.726982 
8.800000 1.600000 0.648321 
8.800000 2.400000 0.590370 
8.800000 3.200000 0.548853 
8.800000 4.000000 0.520183 
8.800000 4.800000 0.501347 
8.800000 5.600000 0.489809 
8.800000 6.400000 0.483426 
8.800000 7.200000 0.480387 
8.800000 8.000000 0.479155 
8.800000 8.800000 0.478423 
8.800000 9.600000 0.477077 
8.800000 10.400000 0.474161 
8.800000 11.200000 0.468851 
8.800000 12.000000 0.460429 
8.800000 12.800000 0.448262 
8.800000 13.600000 0.431777 
8.800000 14.400000 0.410446 
8.800000 15.200000 0.383758 
8.800000 16.000000 0.351202 
8.800000 16.800000 0.312240 
8.800000 17.600000 0.266278 
8.800000 18.400000 0.212636 
8.800000 19.200000 0.150513 
8.800000 20.000000 0.078940 
8.800000 20.800000 -0.003265 
8.800000 21.600000 -0.097564 
8.800000 22.400000 -0.205767 
8.800000 23.200000 -0.330122 
8.800000 24.000000 -0.473417 
8.800000 24.800000 -0.639107 
8.800000 25.600000 -0.831470 

9.600000 0.000000 0.707107 
9.600000 0.800000 0.623071 
9.600000 1.600000 0.560952 
9.600000 2.400000 0.516353 
9.600000 3.200000 0.485593 
9.600000 4.000000 0.465577 
9.600000 4.800000 0.453700 
9.600000 5.600000 0.447766 
9.600000 6.400000 0.445916 
9.600000 7.200000 0.446575 
9.600000 8.000000 0.448404 
9.600000 8.800000 0.450264 
9.600000 9.600000 0.451185 
9.600000 10.400000 0.450332 
9.600000 11.200000 0.446989 
9.600000 12.000000 0.440536 
9.600000 12.800000 0.430425 
9.600000 13.600000 0.416169 
9.600000 14.400000 0.397319 
9.600000 15.200000 0.373450 
9.600000 16.000000 0.344137 
9.600000 16.800000 0.308937 
9.600000 17.600000 0.267367 
9.600000 18.400000 0.218871 
9.600000 19.200000 0.162797 
9.600000 20.000000 0.098351 
9.600000 20.800000 0.024563 
9.600000 21.600000 -0.059774 
9.600000 22.400000 -0.156159 
9.600000 23.200000 -0.266462 
9.600000 24.000000 -0.393008 
9.600000 24.800000 -0.538693 
9.600000 25.600000 -0.707107 

10.400000 0.000000 0.555570 
10.400000 0.800000 0.497243 
10.400000 1.600000 0.456060 
10.400000 2.400000 0.428497 
10.400000 3.200000 0.411586 
10.400000 4.000000 0.402827 
10.400000 4.800000 0.400107 
10.400000 5.600000 0.401636 
10.400000 6.400000 0.405894 
10.400000 7.200000 0.411587 
10.400000 8.000000 0.417616 
10.400000 8.800000 0.423041 
10.400000 9.600000 0.427059 
10.400000 10.400000 0.428986 
10.400000 11.200000 0.428233 
10.400000 12.000000 0.424293 
10.400000 12.800000 0.416727 
10.400000 13.600000 0.405148 
10.400000 14.400000 0.389207 
10.400000 15.200000 0.368580 
10.400000 16.000000 0.342952 
10.400000 16.800000 0.312001 
10.400000 17.600000 0.275376 
10.400000 18.400000 0.232682 
10.400000 19.200000 0.183448 
10.400000 20.000000 0.127102 
10.400000 20.800000 0.062935 
10.400000 21.600000 -0.009939 
10.400000 22.400000 -0.092636 
10.400000 23.200000 -0.186558 
10.400000 24.000000 -0.293462 
10.400000 24.800000 -0.415550 
10.400000 25.600000 -0.555570 

11.200000 0.000000 0.382683 
11.200000 0.800000 0.354268 
11.200000 1.600000 0.337549 
11.200000 2.400000 0.329985 
11.200000 3.200000 0.329424 
11.200000 4.000000 0.334035 
11.200000 4.800000 0.342262 
11.200000 5.600000 0.352773 
11.200000 6.400000 0.364430 
11.200000 7.200000 0.376260 
11.200000 8.000000 0.387427 
11.200000 8.800000 0.397217 
11.200000 9.600000 0.405020 
11.200000 10.400000 0.410314 
11.200000 11.200000 0.412656 
11.200000 12.000000 0.411670 
11.200000 12.800000 0.407037 
11.200000 13.600000 0.398483 
11.200000 14.400000 0.385775 
11.200000 15.200000 0.368706 
11.200000 16.000000 0.347086 
11.200000 16.800000 0.320731 
11.200000 17.600000 0.289450 
11.200000 18.400000 0.253027 
11.200000 19.200000 0.211206 
11.200000 20.000000 0.163670 
11.200000 20.800000 0.110013 
11.200000 21.600000 0.049716 
11.200000 22.400000 -0.017892 
11.200000 23.200000 -0.093673 
11.200000 24.000000 -0.178731 
11.200000 24.800000 -0.274475 
11.200000 25.600000 -0.382683 

12.000000 0.000000 0.195090 
12.000000 0.800000 0.199596 
12.000000 1.600000 0.209881 
12.000000 2.400000 0.224469 
12.000000 3.200000 0.242086 
12.000000 4.000000 0.261625 
12.000000 4.800000 0.282128 
12.000000 5.600000 0.302759 
12.000000 6.400000 0.322790 
12.000000 7.200000 0.341590 
12.000000 8.000000 0.358609 
12.000000 8.800000 0.373375 
12.000000 9.600000 0.385483 
12.000000 10.400000 0.394587 
12.000000 11.200000 0.400401 
12.000000 12.000000 0.402689 
12.000000 12.800000 0.401260 
12.000000 13.600000 0.395966 
12.000000 14.400000 0.386697 
12.000000 15.200000 0.373376 
12.000000 16.000000 0.355948 
12.000000 16.800000 0.334383 
12.000000 17.600000 0.308661 
12.000000 18.400000 0.278765 
12.000000 19.200000 0.244676 
12.000000 20.000000 0.206353 
12.000000 20.800000 0.163727 
12.000000 21.600000 0.116679 
12.000000 22.400000 0.065024 
12.000000 23.200000 0.008489 
12.000000 24.000000 -0.053318 
12.000000 24.800000 -0.120935 
12.000000 25.600000 -0.195090 

12.800000 0.000000 0.000000 
12.800000 0.800000 0.039143 
12.800000 1.600000 0.077908 
12.800000 2.400000 0.115923 
12.800000 3.200000 0.152822 
12.800000 4.000000 0.188249 
12.800000 4.800000 0.221862 
12.800000 5.600000 0.253339 
12.800000 6.400000 0.282377 
12.800000 7.200000 0.308695 
12.800000 8.000000 0.332040 
12.800000 8.800000 0.352187 
12.800000 9.600000 0.368942 
12.800000 10.400000 0.382145 
12.800000 11.200000 0.391667 
12.800000 12.000000 0.397417 
12.800000 12.800000 0.399340 
12.800000 13.600000 0.397417 
12.800000 14.400000 0.391667 
12.800000 15.200000 0.382145 
12.800000 16.000000 0.368942 
12.800000 16.800000 0.352186 
12.800000 17.600000 0.332038 
12.800000 18.400000 0.308693 
12.800000 19.200000 0.282375 
12.800000 20.000000 0.253337 
12.800000 20.800000 0.221860 
12.800000 21.600000 0.188246 
12.800000 22.400000 0.152819 
12.800000 23.200000 0.115920 
12.800000 24.000000 0.077906 
12.800000 24.800000 0.039141 
12.800000 25.600000 -0.000000 

13.600000 0.000000 -0.195090 
13.600000 0.800000 -0.120934 
13.600000 1.600000 -0.053315 
13.600000 2.400000 0.008492 
13.600000 3.200000 0.065028 
13.600000 4.000000 0.116682 
13.600000 4.800000 0.163730 
13.600000 5.600000 0.206356 
13.600000 6.400000 0.244678 
13.600000 7.200000 0.278767 
13.600000 8.000000 0.308662 
13.600000 8.800000 0.334384 
13.600000 9.600000 0.355949 
13.600000 10.400000 0.373376 
13.600000 11.200000 0.386698 
13.600000 12.000000 0.395967 
13.600000 12.800000 0.401260 
13.600000 13.600000 0.402690 
13.600000 14.400000 0.400402 
13.600000 15.200000 0.394588 
13.600000 16.000000 0.385483 
13.600000 16.800000 0.373375 
13.600000 17.600000 0.358608 
13.600000 18.400000 0.341588 
13.600000 19.200000 0.322788 
13.600000 20.000000 0.302756 
13.600000 20.800000 0.282125 
13.600000 21.600000 0.261622 
13.600000 22.400000 0.242082 
13.600000 23.200000 0.224466 
13.600000 24.000000 0.209878 
13.600000 24.800000 0.199594 
13.600000 25.600000 0.195090 

14.400000 0.000000 -0.382683 
14.400000 0.800000 -0.274473 
14.400000 1.600000 -0.178729 
14.400000 2.400000 -0.093670 
14.400000 3.200000 -0.017888 
14.400000 4.000000 0.049719 
14.400000 4.800000 0.110016 
14.400000 5.600000 0.163672 
14.400000 6.400000 0.211209 
14.400000 7.200000 0.253029 
14.400000 8.000000 0.289452 
14.400000 8.800000 0.320733 
14.400000 9.600000 0.347087 
14.400000 10.400000 0.368707 
14.400000 11.200000 0.385776 
14.400000 12.000000 0.398485 
14.400000 12.800000 0.407038 
14.400000 13.600000 0.411672 
14.400000 14.400000 0.412657 
14.400000 15.200000 0.410315 
14.400000 16.000000 0.405020 
14.400000 16.800000 0.397217 
14.400000 17.600000 0.387426 
14.400000 18.400000 0.376259 
14.400000 19.200000 0.364428 
14.400000 20.000000 0.352770 
14.400000 20.800000 0.342259 
14.400000 21.600000 0.334032 
14.400000 22.400000 0.329420 
14.400000 23.200000 0.329982 
14.400000 24.000000 0.337546 
14.400000 24.800000 0.354266 
14.400000 25.600000 0.382683 

15.200000 0.000000 -0.555570 
15.200000 0.800000 -0.415548 
15.200000 1.600000 -0.293459 
15.200000 2.400000 -0.186555 
15.200000 3.200000 -0.092633 
15.200000 4.000000 -0.009936 
15.200000 4.800000 0.062938 
15.200000 5.600000 0.127105 
15.200000 6.400000 0.183450 
15.200000 7.200000 0.232684 
15.200000 8.000000 0.275378 
15.200000 8.800000 0.312003 
15.200000 9.600000 0.342955 
15.200000 10.400000 0.368582 
15.200000 11.200000 0.389209 
15.200000 12.000000 0.405150 
15.200000 12.800000 0.416729 
15.200000 13.600000 0.424295 
15.200000 14.400000 0.428234 
15.200000 15.200000 0.428987 
15.200000 16.000000 0.427060 
15.200000 16.800000 0.423041 
15.200000 17.600000 0.417616 
15.200000 18.400000 0.411586 
15.200000 19.200000 0.405892 
15.200000 20.000000 0.401633 
15.200000 20.800000 0.400104 
15.200000 21.600000 0.402823 
15.200000 22.400000 0.411582 
15.200000 23.200000 0.428493 
15.200000 24.000000 0.456058 
15.200000 24.800000 0.497241 
15.200000 25.600000 0.555570 

16.000000 0.000000 -0.707107 
16.000000 0.800000 -0.538692 
16.000000 1.600000 -0.393006 
16.000000 2.400000 -0.266459 
16.000000 3.200000 -0.156156 
16.000000 4.000000 -0.059771 
16.000000 4.800000 0.024566 
16.000000 5.600000 0.098354 
16.000000 6.400000 0.162800 
16.000000 7.200000 0.218874 
16.000000 8.000000 0.267370 
16.000000 8.800000 0.308940 
16.000000 9.600000 0.344140 
16.000000 10.400000 0.373453 
16.000000 11.200000 0.397322 
16.000000 12.000000 0.416171 
16.000000 12.800000 0.430427 
16.000000 13.600000 0.440538 
16.000000 14.400000 0.446991 
16.000000 15.200000 0.450333 
16.000000 16.000000 0.451186 
16.000000 16.800000 0.450265 
16.000000 17.600000 0.448403 
16.000000 18.400000 0.446573 
16.000000 19.200000 0.445914 
16.000000 20.000000 0.447764 
16.000000 20.800000 0.453697 
16.000000 21.600000 0.465573 
16.000000 22.400000 0.485589 
16.000000 23.200000 0.516350 
16.000000 24.000000 0.560949 
16.000000 24.800000 0.623069 
16.000000 25.600000 0.707107 

16.800000 0.000000 -0.831470 
16.800000 0.800000 -0.639106 
16.800000 1.600000 -0.473415 
16.800000 2.400000 -0.330120 
16.800000 3.200000 -0.205764 
16.800000 4.000000 -0.097561 
16.800000 4.800000 -0.003262 
16.800000 5.600000 0.078944 
16.800000 6.400000 0.150516 
16.800000 7.200000 0.212639 
16.800000 8.000000 0.266281 
16.800000 8.800000 0.312243 
16.800000 9.600000 0.351206 
16.800000 10.400000 0.383761 
16.800000 11.200000 0.410449 
16.800000 12.000000 0.431780 
16.800000 12.800000 0.448264 
16.800000 13.600000 0.460432 
16.800000 14.400000 0.468853 
16.800000 15.200000 0.474163 
16.800000 16.000000 0.477078 
16.800000 16.800000 0.478423 
16.800000 17.600000 0.479154 
16.800000 18.400000 0.480385 
16.800000 19.200000 0.483423 
16.800000 20.000000 0.489806 
16.800000 20.800000 0.501344 
16.800000 21.600000 0.520179 
16.800000 22.400000 0.548849 
16.800000 23.200000 0.590366 
16.800000 24.000000 0.648317 
16.800000 24.800000 0.726980 
16.800000 25.600000 0.831470 

17.600000 0.000000 -0.923880 
17.600000 0.800000 -0.712849 
17.600000 1.600000 -0.531429 
17.600000 2.400000 -0.374842 
17.600000 3.200000 -0.239223 
17.600000 4.000000 -0.121448 
17.600000 4.800000 -0.018998 
17.600000 5.600000 0.070162 
17.600000 6.400000 0.147677 
17.600000 7.200000 0.214881 
17.600000 8.000000 0.272867 
17.600000 8.800000 0.322542 
17.600000 9.600000 0.364673 
17.600000 10.400000 0.399932 
17.600000 11.200000 0.428926 
17.600000 12.000000 0.452229 
17.600000 12.800000 0.470413 
17.600000 13.600000 0.484066 
17.600000 14.400000 0.493822 
17.600000 15.200000 0.500381 
17.600000 16.000000 0.504535 
17.600000 16.800000 0.507191 
17.600000 17.600000 0.509399 
17.600000 18.400000 0.512385 
17.600000 19.200000 0.517584 
17.600000 20.000000 0.526688 
17.600000 20.800000 0.541690 
17.600000 21.600000 0.564947 
17.600000 22.400000 0.599259 
17.600000 23.200000 0.647947 
17.600000 24.000000 0.714973 
17.600000 24.800000 0.805065 
17.600000 25.600000 0.923880 

18.400000 0.000000 -0.980785 
18.400000 0.800000 -0.756982 
18.400000 1.600000 -0.564611 
18.400000 2.400000 -0.398599 
18.400000 3.200000 -0.254839 
18.400000 4.000000 -0.130014 
18.400000 4.800000 -0.021447 
18.400000 5.600000 0.073024 
18.400000 6.400000 0.155146 
18.400000 7.200000 0.226337 
18.400000 8.000000 0.287760 
18.400000 8.800000 0.340378 
18.400000 9.600000 0.385008 
18.400000 10.400000 0.422363 
18.400000 11.200000 0.453087 
18.400000 12.000000 0.477793 
18.400000 12.800000 0.497085 
18.400000 13.600000 0.511590 
18.400000 14.400000 0.521981 
18.400000 15.200000 0.528999 
18.400000 16.000000 0.533485 
18.400000 16.800000 0.536401 
18.400000 17.600000 0.538861 
18.400000 18.400000 0.542165 
18.400000 19.200000 0.547837 
18.400000 20.000000 0.557669 
18.400000 20.800000 0.573776 
18.400000 21.600000 0.598660 
18.400000 22.400000 0.635289 
18.400000 23.200000 0.687189 
18.400000 24.000000 0.758563 
18.400000 24.800000 0.854427 
18.400000 25.600000 0.980785 

19.200000 0.000000 -1.000000 
19.200000 0.800000 -0.769684 
19.200000 1.600000 -0.571436 
19.200000 2.400000 -0.400104 
19.200000 3.200000 -0.251521 
19.200000 4.000000 -0.122324 
19.200000 4.800000 -0.009802 
19.200000 5.600000 0.088231 
19.200000 6.400000 0.173541 
19.200000 7.200000 0.247559 
19.200000 8.000000 0.311454 
19.200000 8.800000 0.366199 
19.200000 9.600000 0.412615 
19.200000 10.400000 0.451419 
19.200000 11.200000 0.483263 
19.200000 12.000000 0.508766 
19.200000 12.800000 0.528540 
19.200000 13.600000 0.543225 
19.200000 14.400000 0.553506 
19.200000 15.200000 0.560144 
19.200000 16.000000 0.564000 
19.200000 16.800000 0.566062 
19.200000 17.600000 0.567474 
19.200000 18.400000 0.569574 
19.200000 19.200000 0.573926 
19.200000 20.000000 0.582371 
19.200000 20.800000 0.597082 
19.200000 21.600000 0.620626 
19.200000 22.400000 0.656045 
19.200000 23.200000 0.706956 
19.200000 24.000000 0.777661 
19.200000 24.800000 0.873295 
19.200000 25.600000 1.000000 

20.000000 0.000000 -0.980785 
20.000000 0.800000 -0.750318 
20.000000 1.600000 -0.551346 
20.000000 2.400000 -0.378861 
20.000000 3.200000 -0.228818 
20.000000 4.000000 -0.097961 
20.000000 4.800000 0.016329 
20.000000 5.600000 0.116160 
20.000000 6.400000 0.203226 
20.000000 7.200000 0.278899 
20.000000 8.000000 0.344296 
20.000000 8.800000 0.400345 
20.000000 9.600000 0.447828 
20.000000 10.400000 0.487430 
20.000000 11.200000 0.519776 
20.000000 12.000000 0.545461 
20.000000 12.800000 0.565081 
20.000000 13.600000 0.579258 
20.000000 14.400000 0.588669 
20.000000 15.200000 0.594066 
20.000000 16.000000 0.596304 
20.000000 16.800000 0.596367 
20.000000 17.600000 0.595397 
20.000000 18.400000 0.594726 
20.000000 19.200000 0.595917 
20.000000 20.000000 0.600805 
20.000000 20.800000 0.611552 
20.000000 21.600000 0.630713 
20.000000 22.400000 0.661310 
20.000000 23.200000 0.706927 
20.000000 24.000000 0.771828 
20.000000 24.800000 0.861092 
20.000000 25.600000 0.980785 

20.800000 0.000000 -0.923880 
20.800000 0.800000 -0.699455 
20.800000 1.600000 -0.504771 
20.800000 2.400000 -0.335176 
20.800000 3.200000 -0.186931 
20.800000 4.000000 -0.057034 
20.800000 4.800000 0.056919 
20.800000 5.600000 0.156850 
20.800000 6.400000 0.244301 
20.800000 7.200000 0.320510 
20.800000 8.000000 0.386485 
20.800000 8.800000 0.443053 
20.800000 9.600000 0.490918 
20.800000 10.400000 0.530695 
20.800000 11.200000 0.562946 
20.800000 12.000000 0.588218 
20.800000 12.800000 0.607059 
20.800000 13.600000 0.620054 
20.800000 14.400000 0.627842 
20.800000 15.200000 0.631143 
20.800000 16.000000 0.630780 
20.800000 16.800000 0.627702 
20.800000 17.600000 0.623016 
20.800000 18.400000 0.618014 
20.800000 19.200000 0.614208 
20.800000 20.000000 0.613376 
20.800000 20.800000 0.617606 
20.800000 21.600000 0.629362 
20.800000 22.400000 0.651551 
20.800000 23.200000 0.687614 
20.800000 24.000000 0.741632 
20.800000 24.800000 0.818459 
20.800000 25.600000 0.923880 

21.600000 0.000000 -0.831470 
21.600000 0.800000 -0.618854 
21.600000 1.600000 -0.433106 
21.600000 2.400000 -0.270142 
21.600000 3.200000 -0.126696 
21.600000 4.000000 -0.000163 
21.600000 4.800000 0.111528 
21.600000 5.600000 0.210019 
21.600000 6.400000 0.296615 
21.600000 7.200000 0.372355 
21.600000 8.000000 0.438076 
21.600000 8.800000 0.494462 
21.600000 9.600000 0.542094 
21.600000 10.400000 0.581480 
21.600000 11.200000 0.613094 
21.600000 12.000000 0.637400 
21.600000 12.800000 0.654880 
21.600000 13.600000 0.666052 
21.600000 14.400000 0.671499 
21.600000 15.200000 0.671881 
21.600000 16.000000 0.667966 
21.600000 16.800000 0.660642 
21.600000 17.600000 0.650948 
21.600000 18.400000 0.640101 
21.600000 19.200000 0.629523 
21.600000 20.000000 0.620881 
21.600000 20.800000 0.616133 
21.600000 21.600000 0.617577 
21.600000 22.400000 0.627917 
21.600000 23.200000 0.650344 
21.600000 24.000000 0.688627 
21.600000 24.800000 0.747233 
21.600000 25.600000 0.831470 

22.400000 0.000000 -0.707107 
22.400000 0.800000 -0.511386 
22.400000 1.600000 -0.338658 
22.400000 2.400000 -0.185592 
22.400000 3.200000 -0.049550 
22.400000 4.000000 0.071549 
22.400000 4.800000 0.179335 
22.400000 5.600000 0.275082 
22.400000 6.400000 0.359784 
22.400000 7.200000 0.434218 
22.400000 8.000000 0.498999 
22.400000 8.800000 0.554624 
22.400000 9.600000 0.601512 
22.400000 10.400000 0.640035 
22.400000 11.200000 0.670547 
22.400000 12.000000 0.693407 
22.400000 12.800000 0.709004 
22.400000 13.600000 0.717773 
22.400000 14.400000 0.720215 
22.400000 15.200000 0.716915 
22.400000 16.000000 0.708557 
22.400000 16.800000 0.695948 
22.400000 17.600000 0.680032 
22.400000 18.400000 0.661917 
22.400000 19.200000 0.642898 
22.400000 20.000000 0.624491 
22.400000 20.800000 0.608467 
22.400000 21.600000 0.596894 
22.400000 22.400000 0.592196 
22.400000 23.200000 0.597217 
22.400000 24.000000 0.615297 
22.400000 24.800000 0.650375 
22.400000 25.600000 0.707107 

23.200000 0.000000 -0.555570 
23.200000 0.800000 -0.380927 
23.200000 1.600000 -0.224549 
23.200000 2.400000 -0.084019 
23.200000 3.200000 0.042540 
23.200000 4.000000 0.156573 
23.200000 4.800000 0.259180 
23.200000 5.600000 0.351189 
23.200000 6.400000 0.433219 
23.200000 7.200000 0.505732 
23.200000 8.000000 0.569075 
23.200000 8.800000 0.623520 
23.200000 9.600000 0.669293 
23.200000 10.400000 0.706599 
23.200000 11.200000 0.735648 
23.200000 12.000000 0.756675 
23.200000 12.800000 0.769955 
23.200000 13.600000 0.775819 
23.200000 14.400000 0.774672 
23.200000 15.200000 0.767003 
23.200000 16.000000 0.753398 
23.200000 16.800000 0.734558 
23.200000 17.600000 0.711312 
23.200000 18.400000 0.684633 
23.200000 19.200000 0.655660 
23.200000 20.000000 0.625718 
23.200000 20.800000 0.596346 
23.200000 21.600000 0.569334 
23.200000 22.400000 0.546757 
23.200000 23.200000 0.531030 
23.200000 24.000000 0.524969 
23.200000 24.800000 0.531864 
23.200000 25.600000 0.555570 

24.000000 0.000000 -0.382683 
24.000000 0.800000 -0.232201 
24.000000 1.600000 -0.094591 
24.000000 2.400000 0.031524 
24.000000 3.200000 0.147155 
24.000000 4.000000 0.253023 
24.000000 4.800000 0.349622 
24.000000 5.600000 0.437274 
24.000000 6.400000 0.516170 
24.000000 7.200000 0.586414 
24.000000 8.000000 0.648049 
24.000000 8.800000 0.701089 
24.000000 9.600000 0.745539 
24.000000 10.400000 0.781417 
24.000000 11.200000 0.808770 
24.000000 12.000000 0.827688 
24.000000 12.800000 0.838318 
24.000000 13.600000 0.840875 
24.000000 14.400000 0.835651 
24.000000 15.200000 0.823024 
24.000000 16.000000 0.803471 
24.000000 16.800000 0.777573 
24.000000 17.600000 0.746023 
24.000000 18.400000 0.709643 
24.000000 19.200000 0.669390 
24.000000 20.000000 0.626373 
24.000000 20.800000 0.581866 
24.000000 21.600000 0.537337 
24.000000 22.400000 0.494465 
24.000000 23.200000 0.455177 
24.000000 24.000000 0.421686 
24.000000 24.800000 0.396540 
24.000000 25.600000 0.382683 

24.800000 0.000000 -0.195090 
24.800000 0.800000 -0.070603 
24.800000 1.600000 0.046862 
24.800000 2.400000 0.157551 
24.800000 3.200000 0.261533 
24.800000 4.000000 0.358741 
24.800000 4.800000 0.449012 
24.800000 5.600000 0.532113 
24.800000 6.400000 0.607774 
24.800000 7.200000 0.675704 
24.800000 8.000000 0.735617 
24.800000 8.800000 0.787246 
24.800000 9.600000 0.830356 
24.800000 10.400000 0.864760 
24.800000 11.200000 0.890326 
24.800000 12.000000 0.906988 
24.800000 12.800000 0.914755 
24.800000 13.600000 0.913711 
24.800000 14.400000 0.904030 
24.800000 15.200000 0.885971 
24.800000 16.000000 0.859890 
24.800000 16.800000 0.826237 
24.800000 17.600000 0.785564 
24.800000 18.400000 0.738526 
24.800000 19.200000 0.685884 
24.800000 20.000000 0.628515 
24.800000 20.800000 0.567409 
24.800000 21.600000 0.503683 
24.800000 22.400000 0.438590 
24.800000 23.200000 0.373527 
24.800000 24.000000 0.310057 
24.800000 24.800000 0.249926 
24.800000 25.600000 0.195090 

25.600000 0.000000 0.000000 
25.600000 0.800000 0.098017 
25.600000 1.600000 0.195090 
25.600000 2.400000 0.290285 
25.600000 3.200000 0.382683 
25.600000 4.000000 0.471397 
25.600000 4.800000 0.555570 
25.600000 5.600000 0.634393 
25.600000 6.400000 0.707107 
25.600000 7.200000 0.773010 
25.600000 8.000000 0.831470 
25.600000 8.800000 0.881921 
25.600000 9.600000 0.923880 
25.600000 10.400000 0.956940 
25.600000 11.200000 0.980785 
25.600000 12.000000 0.995185 
25.600000 12.800000 1.000000 
25.600000 13.600000 0.995185 
25.600000 14.400000 0.980785 
25.600000 15.200000 0.956940 
25.600000 16.000000 0.923880 
25.600000 16.800000 0.881921 
25.600000 17.600000 0.831470 
25.600000 18.400000 0.773010 
25.600000 19.200000 0.707107 
25.600000 20.000000 0.634393 
25.600000 20.800000 0.555570 
25.600000 21.600000 0.471397 
25.600000 22.400000 0.382683 
25.600000 23.200000 0.290285 
25.600000 24.000000 0.195090 
25.600000 24.800000 0.098017 
25.600000 25.600000 0.000000 

