0.000000 0.000000 0.000000 
0.000000 3.200000 0.382683 
0.000000 6.400000 0.707107 
0.000000 9.600000 0.923880 
0.000000 12.800000 1.000000 
0.000000 16.000000 0.923880 
0.000000 19.200000 0.707107 
0.000000 22.400000 0.382683 
0.000000 25.600000 0.000000 

3.200000 0.000000 0.707107 
3.200000 3.200000 0.604586 
3.200000 6.400000 0.654908 
3.200000 9.600000 0.716887 
3.200000 12.800000 0.712792 
3.200000 16.000000 0.600181 
3.200000 19.200000 0.353132 
3.200000 22.400000 -0.059038 
3.200000 25.600000 -0.707107 

6.400000 0.000000 1.000000 
6.400000 3.200000 0.673644 
6.400000 6.400000 0.591054 
6.400000 9.600000 0.575967 
6.400000 12.800000 0.534100 
6.400000 16.000000 0.410921 
6.400000 19.200000 0.164278 
6.400000 22.400000 -0.264862 
6.400000 25.600000 -1.000000 

9.600000 0.000000 0.707107 
9.600000 3.200000 0.498938 
9.600000 6.400000 0.459696 
9.600000 9.600000 0.461830 
9.600000 12.800000 0.436721 
9.600000 16.000000 0.345124 
9.600000 19.200000 0.157920 
9.600000 22.400000 -0.164686 
9.600000 25.600000 -0.707107 

12.800000 0.000000 0.000000 
12.800000 3.200000 0.155304 
12.800000 6.400000 0.286964 
12.800000 9.600000 0.374937 
12.800000 12.800000 0.405829 
12.800000 16.000000 0.374937 
12.800000 19.200000 0.286964 
12.800000 22.400000 0.155304 
12.800000 25.600000 -0.000000 

16.000000 0.000000 -0.707107 
16.000000 3.200000 -0.164686 
16.000000 6.400000 0.157920 
16.000000 9.600000 0.345124 
16.000000 12.800000 0.436721 
16.000000 16.000000 0.461831 
16.000000 19.200000 0.459697 
16.000000 22.400000 0.498938 
16.000000 25.600000 0.707107 

19.200000 0.000000 -1.000000 
19.200000 3.200000 -0.264862 
19.200000 6.400000 0.164278 
19.200000 9.600000 0.410921 
19.200000 12.800000 0.534100 
19.200000 16.000000 0.575968 
19.200000 19.200000 0.591054 
19.200000 22.400000 0.673645 
19.200000 25.600000 1.000000 

22.400000 0.000000 -0.707107 
22.400000 3.200000 -0.059038 
22.400000 6.400000 0.353132 
22.400000 9.600000 0.600181 
22.400000 12.800000 0.712792 
22.400000 16.000000 0.716887 
22.400000 19.200000 0.654909 
22.400000 22.400000 0.604586 
22.400000 25.600000 0.707107 

25.600000 0.000000 0.000000 
25.600000 3.200000 0.382683 
25.600000 6.400000 0.707107 
25.600000 9.600000 0.923880 
25.600000 12.800000 1.000000 
25.600000 16.000000 0.923880 
25.600000 19.200000 0.707107 
25.600000 22.400000 0.382683 
25.600000 25.600000 0.000000 

