0.000000 1.000000 0.010000 0.000000
0.072178 0.036089 0.009970 -0.000871 
0.157480 0.042651 0.009834 -0.002396 
0.233807 0.038164 0.009577 -0.004420 
0.302627 0.034410 0.009188 -0.007016 
0.365187 0.031280 0.008651 -0.010256 
0.422469 0.028641 0.007954 -0.014218 
0.480384 0.028958 0.006983 -0.019507 
0.533168 0.026392 0.005793 -0.025797 
0.581721 0.024276 0.004366 -0.033177 
0.626676 0.022478 0.002688 -0.041729 
0.668536 0.020930 0.000741 -0.051536 
0.707705 0.019584 -0.001491 -0.062682 
0.744512 0.018404 -0.004024 -0.075247 
0.779232 0.017360 -0.006876 -0.089317 
0.812093 0.016430 -0.010063 -0.104975 
0.843289 0.015598 -0.013603 -0.122305 
0.872989 0.014850 -0.017514 -0.141394 
0.901335 0.014173 -0.021814 -0.162327 
0.928454 0.013559 -0.026521 -0.185194 
0.954456 0.013001 -0.031655 -0.210088 
0.979441 0.012492 -0.037237 -0.237102 
1.003496 0.012028 -0.043287 -0.266337 
1.026703 0.011603 -0.049829 -0.297896 
1.049135 0.011216 -0.056887 -0.331892 
1.070860 0.010862 -0.064490 -0.368445 
1.091941 0.010541 -0.072665 -0.407687 
1.112441 0.010250 -0.081449 -0.449764 
1.132417 0.009988 -0.090879 -0.494842 
1.151929 0.009756 -0.101000 -0.543109 
1.171036 0.009554 -0.111865 -0.594787 
1.189801 0.009382 -0.123540 -0.650142 
1.208290 0.009244 -0.136103 -0.709499 
1.226580 0.009145 -0.149657 -0.773270 
1.244761 0.009091 -0.164335 -0.841994 
1.262950 0.009094 -0.180320 -0.916408 
1.281304 0.009177 -0.197878 -0.997582 
1.300063 0.009379 -0.217423 -1.087192 
1.319639 0.009788 -0.239685 -1.188204 
1.340930 0.010645 -0.266236 -1.307056 
1.366652 0.012861 -0.301844 -1.463382 
1.385239 0.009293 -0.330165 -1.584949 
1.401046 0.007904 -0.356074 -1.693801 
1.415121 0.007038 -0.380622 -1.794685 
1.427952 0.006416 -0.404257 -1.889609 
1.440860 0.006454 -0.429277 -1.987584 
1.452754 0.005947 -0.453464 -2.079695 
1.463852 0.005549 -0.477029 -2.166837 
1.474326 0.005237 -0.500158 -2.249744 
1.484294 0.004984 -0.522977 -2.328869 
1.493843 0.004775 -0.545577 -2.404498 
1.503041 0.004599 -0.568027 -2.476816 
1.511944 0.004451 -0.590385 -2.545934 
1.520595 0.004326 -0.612697 -2.611911 
1.529035 0.004220 -0.635006 -2.674768 
1.537296 0.004131 -0.657352 -2.734494 
1.545411 0.004057 -0.679771 -2.791051 
1.553406 0.003998 -0.702302 -2.844373 
1.561311 0.003952 -0.724984 -2.894373 
1.569151 0.003920 -0.747860 -2.940937 
1.576953 0.003901 -0.770976 -2.983924 
1.584747 0.003897 -0.794388 -3.023162 
1.592564 0.003908 -0.818159 -3.058438 
1.600439 0.003938 -0.842370 -3.089495 
1.608416 0.003988 -0.867122 -3.116007 
1.616548 0.004066 -0.892550 -3.137560 
1.624905 0.004179 -0.918844 -3.153604 
1.633592 0.004343 -0.946284 -3.163369 
1.642769 0.004588 -0.975329 -3.165697 
1.652730 0.004981 -1.006835 -3.158603 
1.664166 0.005718 -1.042847 -3.137803 
1.679255 0.007544 -1.089851 -3.089449 
1.689417 0.005081 -1.121019 -3.043611 
1.698632 0.004608 -1.148839 -2.993078 
1.707926 0.004647 -1.176387 -2.933832 
1.716456 0.004265 -1.201155 -2.872524 
1.724486 0.004015 -1.223968 -2.809142 
1.732178 0.003846 -1.245327 -2.743648 
1.739633 0.003727 -1.265530 -2.676097 
1.746918 0.003642 -1.284773 -2.606579 
1.754083 0.003583 -1.303196 -2.535190 
1.761169 0.003543 -1.320902 -2.462023 
1.768210 0.003520 -1.337973 -2.387165 
1.775234 0.003512 -1.354474 -2.310696 
1.782269 0.003518 -1.370456 -2.232685 
1.789342 0.003536 -1.385966 -2.153191 
1.796477 0.003568 -1.401041 -2.072260 
1.803702 0.003612 -1.415716 -1.989926 
1.811045 0.003671 -1.430020 -1.906205 
1.818537 0.003746 -1.443983 -1.821094 
1.826215 0.003839 -1.457632 -1.734562 
1.834120 0.003952 -1.470995 -1.646544 
1.842303 0.004092 -1.484101 -1.556925 
1.850829 0.004263 -1.496985 -1.465520 
1.859784 0.004478 -1.509689 -1.372030 
1.869287 0.004752 -1.522269 -1.275975 
1.879517 0.005115 -1.534811 -1.176542 
1.890771 0.005627 -1.547461 -1.072235 
1.903633 0.006431 -1.560524 -0.959853 
1.919715 0.008041 -1.574903 -0.829863 
1.936728 0.008506 -1.587946 -0.705101 
1.951088 0.007180 -1.597379 -0.609767 
1.965570 0.007241 -1.605569 -0.522507 
1.978942 0.006686 -1.612062 -0.449434 
1.991753 0.006405 -1.617408 -0.385793 
2.004295 0.006271 -1.621887 -0.329130 
2.016730 0.006217 -1.625658 -0.278079 
2.029164 0.006217 -1.628824 -0.231757 
2.041679 0.006258 -1.631457 -0.189538 
2.054340 0.006330 -1.633609 -0.150950 
2.067203 0.006432 -1.635321 -0.115623 
2.080321 0.006559 -1.636622 -0.083253 
2.093745 0.006712 -1.637538 -0.053586 
2.107525 0.006890 -1.638087 -0.026403 
2.121712 0.007094 -1.638282 -0.001516 
2.136362 0.007325 -1.638135 0.021246 
2.151533 0.007585 -1.637652 0.042035 
2.167288 0.007877 -1.636838 0.060989 
2.183697 0.008205 -1.635694 0.078239 
2.200838 0.008571 -1.634216 0.093903 
2.218800 0.008981 -1.632399 0.108094 
2.237684 0.009442 -1.630235 0.120921 
2.257604 0.009960 -1.627708 0.132485 
2.278697 0.010546 -1.624802 0.142887 
2.301120 0.011211 -1.621491 0.152223 
2.325061 0.011971 -1.617744 0.160592 
2.350747 0.012843 -1.613521 0.168087 
2.378450 0.013852 -1.608769 0.174808 
2.408508 0.015029 -1.603422 0.180853 
2.441341 0.016416 -1.597392 0.186328 
2.477480 0.018070 -1.590565 0.191345 
2.517611 0.020066 -1.582791 0.196028 
2.562630 0.022509 -1.573863 0.200522 
2.613730 0.025550 -1.563500 0.204997 
2.672523 0.029396 -1.551309 0.209672 
2.741185 0.034331 -1.536734 0.214836 
2.822554 0.040685 -1.519007 0.220891 
2.919781 0.048613 -1.497169 0.228385 
3.034342 0.057281 -1.470464 0.237940 
3.161484 0.063571 -1.439467 0.249856 
3.289485 0.064001 -1.406617 0.263685 
3.397033 0.053774 -1.377549 0.277116 
3.494516 0.048742 -1.349865 0.291085 
3.583105 0.044294 -1.323446 0.305608 
3.671931 0.044413 -1.295571 0.322327 
3.745233 0.036651 -1.271374 0.338114 
3.818764 0.036766 -1.245859 0.356167 
3.886153 0.033694 -1.221231 0.375080 
3.947815 0.030831 -1.197505 0.394794 
4.004446 0.028316 -1.174574 0.415349 
4.056649 0.026102 -1.152341 0.436788 
4.104934 0.024142 -1.130719 0.459152 
4.149733 0.022400 -1.109634 0.482487 
4.191418 0.020843 -1.089021 0.506833 
4.230309 0.019445 -1.068823 0.532234 
4.266683 0.018187 -1.048988 0.558732 
4.300782 0.017050 -1.029471 0.586372 
4.332818 0.016018 -1.010230 0.615195 
4.362979 0.015080 -0.991228 0.645247 
4.391428 0.014225 -0.972431 0.676572 
4.418314 0.013443 -0.953807 0.709215 
4.443765 0.012726 -0.935329 0.743222 
4.467900 0.012067 -0.916969 0.778639 
4.490822 0.011461 -0.898703 0.815514 
4.512627 0.010902 -0.880507 0.853895 
4.533399 0.010386 -0.862360 0.893833 
4.553214 0.009908 -0.844241 0.935378 
4.572144 0.009465 -0.826130 0.978584 
4.590252 0.009054 -0.808007 1.023503 
4.607596 0.008672 -0.789855 1.070192 
4.624228 0.008316 -0.771656 1.118709 
4.640198 0.007985 -0.753392 1.169115 
4.655551 0.007676 -0.735045 1.221471 
4.670327 0.007388 -0.716598 1.275843 
4.684565 0.007119 -0.698034 1.332300 
4.698301 0.006868 -0.679335 1.390914 
4.711567 0.006633 -0.660483 1.451762 
4.724394 0.006414 -0.641459 1.514925 
4.736811 0.006208 -0.622245 1.580489 
4.748845 0.006017 -0.602820 1.648546 
4.760521 0.005838 -0.583163 1.719196 
4.771863 0.005671 -0.563251 1.792547 
4.782894 0.005516 -0.543060 1.868716 
4.793637 0.005371 -0.522563 1.947832 
4.804113 0.005238 -0.501731 2.030037 
4.814342 0.005115 -0.480531 2.115491 
4.824345 0.005002 -0.458928 2.204372 
4.834143 0.004899 -0.436881 2.296881 
4.843756 0.004806 -0.414341 2.393254 
4.853205 0.004725 -0.391255 2.493760 
4.862514 0.004654 -0.367558 2.598722 
4.871705 0.004596 -0.343170 2.708523 
4.880807 0.004551 -0.317997 2.823639 
4.889851 0.004522 -0.291917 2.944663 
4.898874 0.004512 -0.264775 3.072367 
4.907925 0.004525 -0.236359 3.207785 
4.917068 0.004571 -0.206375 3.352375 
4.926397 0.004665 -0.174376 3.508332 
4.936067 0.004835 -0.139629 3.679280 
4.946371 0.005152 -0.100733 3.872162 
4.958056 0.005843 -0.054139 4.104586 
4.969958 0.005951 -0.003801 4.356335 
4.978836 0.004439 0.035748 4.553848 
4.986660 0.003912 0.072082 4.734534 
4.993703 0.003521 0.106012 4.902190 
5.000795 0.003546 0.141394 5.075483 
5.007268 0.003236 0.174767 5.237131 
5.013262 0.002997 0.206615 5.389413 
5.018886 0.002812 0.237331 5.534156 
5.024211 0.002663 0.267171 5.672498 
5.029289 0.002539 0.296311 5.805185 
5.034157 0.002434 0.324882 5.932729 
5.038845 0.002344 0.352984 6.055492 
5.043378 0.002266 0.380697 6.173730 
5.047773 0.002198 0.408086 6.287625 
5.052049 0.002138 0.435207 6.397302 
5.056220 0.002085 0.462108 6.502844 
5.060297 0.002039 0.488830 6.604297 
5.064293 0.001998 0.515413 6.701678 
5.068216 0.001962 0.541891 6.794980 
5.072077 0.001930 0.568298 6.884173 
5.075884 0.001903 0.594665 6.969205 
5.079644 0.001880 0.621025 7.050007 
5.083366 0.001861 0.647408 7.126487 
5.087057 0.001846 0.673848 7.198537 
5.090725 0.001834 0.700377 7.266024 
5.094378 0.001826 0.727033 7.328793 
5.098023 0.001823 0.753855 7.386663 
5.101670 0.001823 0.780888 7.439421 
5.105327 0.001829 0.808183 7.486819 
5.109005 0.001839 0.835798 7.528563 
5.112716 0.001856 0.863805 7.564301 
5.116475 0.001879 0.892293 7.593607 
5.120298 0.001912 0.921372 7.615953 
5.124209 0.001956 0.951190 7.630668 
5.128239 0.002015 0.981949 7.636867 
5.132429 0.002095 1.013948 7.633320 
5.136849 0.002210 1.047655 7.618200 
5.141616 0.002384 1.083907 7.588461 
5.146987 0.002685 1.124534 7.537948 
5.153833 0.003423 1.175838 7.447174 
5.159118 0.002642 1.214963 7.356913 
5.163843 0.002363 1.249508 7.261536 
5.168155 0.002156 1.280606 7.162723 
5.172489 0.002167 1.311413 7.052411 
5.176520 0.002016 1.339619 6.940305 
5.180337 0.001908 1.365893 6.826111 
5.183999 0.001831 1.390678 6.709570 
5.187544 0.001773 1.414256 6.590607 
5.191000 0.001728 1.436821 6.469230 
5.194385 0.001693 1.458514 6.345483 
5.197716 0.001666 1.479442 6.219430 
5.201006 0.001645 1.499690 6.091141 
5.204264 0.001629 1.519326 5.960687 
5.207501 0.001619 1.538408 5.828138 
5.210725 0.001612 1.556982 5.693561 
5.213944 0.001609 1.575090 5.557018 
5.217165 0.001611 1.592767 5.418564 
5.220396 0.001615 1.610044 5.278247 
5.223642 0.001623 1.626949 5.136108 
5.226912 0.001635 1.643507 4.992178 
5.230212 0.001650 1.659742 4.846476 
5.233550 0.001669 1.675675 4.699010 
5.236935 0.001692 1.691327 4.549771 
5.240375 0.001720 1.706719 4.398733 
5.243881 0.001753 1.721871 4.245843 
5.247463 0.001791 1.736805 4.091022 
5.251136 0.001836 1.751542 3.934148 
5.254915 0.001889 1.766107 3.775050 
5.258819 0.001952 1.780529 3.613482 
5.262873 0.002027 1.794843 3.449095 
5.267107 0.002117 1.809091 3.281385 
5.271565 0.002229 1.823334 3.109606 
5.276306 0.002371 1.837656 2.932599 
5.281425 0.002559 1.852194 2.748449 
5.287082 0.002829 1.867189 2.553621 
5.293618 0.003268 1.883176 2.340250 
5.302124 0.004253 1.901970 2.081583 
5.309572 0.003724 1.916689 1.872686 
5.316211 0.003320 1.928543 1.700109 
5.322895 0.003342 1.939363 1.538960 
5.329080 0.003093 1.948450 1.400685 
5.334980 0.002950 1.956349 1.278123 
5.340714 0.002867 1.963357 1.167331 
5.346351 0.002818 1.969649 1.066051 
5.351934 0.002792 1.975339 0.972806 
5.357496 0.002781 1.980508 0.886548 
5.363061 0.002783 1.985216 0.806491 
5.368650 0.002794 1.989513 0.732017 
5.374278 0.002814 1.993436 0.662630 
5.379963 0.002842 1.997017 0.597915 
5.385718 0.002877 2.000283 0.537523 
5.391556 0.002919 2.003255 0.481153 
5.397491 0.002968 2.005952 0.428540 
5.403536 0.003022 2.008393 0.379452 
5.409703 0.003084 2.010590 0.333678 
5.416007 0.003152 2.012558 0.291029 
5.422462 0.003227 2.014307 0.251332 
5.429081 0.003310 2.015847 0.214428 
5.435881 0.003400 2.017187 0.180169 
5.442879 0.003499 2.018335 0.148416 
5.450093 0.003607 2.019298 0.119040 
5.457542 0.003725 2.020082 0.091920 
5.465249 0.003853 2.020693 0.066938 
5.473237 0.003994 2.021135 0.043984 
5.481533 0.004148 2.021411 0.022953 
5.490168 0.004317 2.021525 0.003742 
5.499173 0.004503 2.021479 -0.013747 
5.508588 0.004708 2.021273 -0.029608 
5.518456 0.004934 2.020909 -0.043934 
5.528826 0.005185 2.020385 -0.056816 
5.539757 0.005465 2.019700 -0.068340 
5.551315 0.005779 2.018849 -0.078593 
5.563579 0.006132 2.017829 -0.087658 
5.576643 0.006532 2.016630 -0.095620 
5.590620 0.006989 2.015244 -0.102560 
5.605647 0.007514 2.013656 -0.108558 
5.621893 0.008123 2.011850 -0.113696 
5.639569 0.008838 2.009800 -0.118053 
5.658943 0.009687 2.007477 -0.121709 
5.680362 0.010710 2.004836 -0.124745 
5.704288 0.011963 2.001820 -0.127241 
5.731351 0.013531 1.998348 -0.129280 
5.762438 0.015544 1.994302 -0.130947 
5.798852 0.018207 1.989507 -0.132336 
5.842603 0.021875 1.983690 -0.133546 
5.897001 0.027199 1.976393 -0.134701 
5.967979 0.035489 1.966787 -0.135965 
6.067484 0.049752 1.953175 -0.137610 
6.223721 0.078119 1.931473 -0.140218 
6.514946 0.145612 1.889882 -0.145487 
6.877470 0.181262 1.835802 -0.153013 
7.211427 0.166979 1.783370 -0.161156 
7.516447 0.152510 1.732905 -0.169920 
7.794704 0.139129 1.684337 -0.179364 
8.048304 0.126800 1.637586 -0.189555 
8.279250 0.115473 1.592564 -0.200569 
8.489437 0.105094 1.549182 -0.212487 
8.680656 0.095609 1.507343 -0.225402 
8.833552 0.076448 1.471966 -0.237585 
8.969014 0.067731 1.438948 -0.250152 
9.089906 0.060446 1.407935 -0.263148 
9.198471 0.054283 1.378648 -0.276610 
9.296506 0.049017 1.350858 -0.290578 
9.385471 0.044483 1.324372 -0.305088 
9.474682 0.044606 1.296423 -0.321801 
9.548214 0.036766 1.272190 -0.337567 
9.621978 0.036882 1.246636 -0.355600 
9.689563 0.033793 1.221974 -0.374490 
9.751394 0.030915 1.198221 -0.394180 
9.808172 0.028389 1.175266 -0.414709 
9.860503 0.026166 1.153012 -0.436120 
9.908902 0.024199 1.131372 -0.458455 
9.953802 0.022450 1.110272 -0.481759 
9.995577 0.020888 1.089646 -0.506074 
10.034549 0.019486 1.069435 -0.531442 
10.070997 0.018224 1.049590 -0.557906 
10.105162 0.017083 1.030064 -0.585510 
10.137259 0.016048 1.010815 -0.614297 
10.167474 0.015108 0.991806 -0.644311 
10.195974 0.014250 0.973003 -0.675596 
10.222905 0.013466 0.954375 -0.708198 
10.248398 0.012747 0.935892 -0.742162 
10.272572 0.012087 0.917529 -0.777535 
10.295530 0.011479 0.899261 -0.814365 
10.317367 0.010919 0.881063 -0.852700 
10.338169 0.010401 0.862915 -0.892589 
10.358013 0.009922 0.844795 -0.934085 
10.376969 0.009478 0.826684 -0.977238 
10.395101 0.009066 0.808562 -1.022104 
10.412467 0.008683 0.790411 -1.068739 
10.429121 0.008327 0.772213 -1.117199 
10.445110 0.007995 0.753951 -1.167546 
10.460481 0.007685 0.735607 -1.219841 
10.475275 0.007397 0.717163 -1.274151 
10.489529 0.007127 0.698603 -1.330543 
10.503279 0.006875 0.679909 -1.389090 
10.516559 0.006640 0.661062 -1.449869 
10.529400 0.006420 0.642044 -1.512959 
10.541828 0.006214 0.622836 -1.578448 
10.553873 0.006022 0.603417 -1.646428 
10.565560 0.005843 0.583768 -1.716997 
10.576912 0.005676 0.563864 -1.790264 
10.587953 0.005520 0.543682 -1.866345 
10.598704 0.005376 0.523194 -1.945369 
10.609188 0.005242 0.502373 -2.027477 
10.619424 0.005118 0.481185 -2.112829 
10.629434 0.005005 0.459595 -2.201602 
10.639238 0.004902 0.437562 -2.293998 
10.648856 0.004809 0.415038 -2.390248 
10.658310 0.004727 0.391970 -2.490624 
10.667622 0.004656 0.368292 -2.595444 
10.676817 0.004597 0.343927 -2.705091 
10.685921 0.004552 0.318780 -2.820036 
10.694966 0.004523 0.292730 -2.940870 
10.703989 0.004512 0.265622 -3.068355 
10.713038 0.004525 0.237249 -3.203518 
10.722177 0.004569 0.207318 -3.347801 
10.731499 0.004661 0.175390 -3.503367 
10.741156 0.004828 0.140743 -3.673779 
10.751433 0.005139 0.102008 -3.865822 
10.763052 0.005810 0.055758 -4.096493 
10.775141 0.006044 0.004708 -4.351798 
10.784039 0.004449 -0.034891 -4.549577 
10.791884 0.003923 -0.071291 -4.730613 
10.798941 0.003529 -0.105267 -4.898520 
10.806050 0.003554 -0.140701 -5.072108 
10.812533 0.003242 -0.174111 -5.233972 
10.818536 0.003001 -0.205985 -5.386422 
10.824167 0.002815 -0.236721 -5.531305 
10.829497 0.002665 -0.266577 -5.669767 
10.834580 0.002541 -0.295730 -5.802563 
10.839452 0.002436 -0.324311 -5.930207 
10.844144 0.002346 -0.352422 -6.053063 
10.848679 0.002268 -0.380142 -6.171390 
10.853077 0.002199 -0.407537 -6.285371 
10.857355 0.002139 -0.434663 -6.395133 
10.861528 0.002086 -0.461568 -6.500757 
10.865607 0.002040 -0.488293 -6.602292 
10.869604 0.001999 -0.514878 -6.699755 
10.873529 0.001962 -0.541358 -6.793140 
10.877391 0.001931 -0.567766 -6.882416 
10.881199 0.001904 -0.594134 -6.967533 
10.884960 0.001881 -0.620493 -7.048420 
10.888683 0.001861 -0.646876 -7.124989 
10.892374 0.001846 -0.673314 -7.197129 
10.896043 0.001834 -0.699841 -7.264710 
10.899696 0.001826 -0.726494 -7.327575 
10.903341 0.001823 -0.753313 -7.385546 
10.906987 0.001823 -0.780341 -7.438410 
10.910644 0.001828 -0.807630 -7.485919 
10.914322 0.001839 -0.835238 -7.527780 
10.918032 0.001855 -0.863236 -7.563643 
10.921789 0.001879 -0.891713 -7.593083 
10.925611 0.001911 -0.920779 -7.615576 
10.929521 0.001955 -0.950580 -7.630453 
10.933547 0.002013 -0.981318 -7.636833 
10.937734 0.002093 -1.013288 -7.633498 
10.942148 0.002207 -1.046954 -7.618636 
10.946907 0.002379 -1.083142 -7.589236 
10.952261 0.002677 -1.123648 -7.539249 
10.959053 0.003396 -1.174562 -7.449807 
10.964370 0.002659 -1.213943 -7.359505 
10.969110 0.002370 -1.248602 -7.264229 
10.973430 0.002160 -1.279779 -7.165511 
10.977774 0.002172 -1.310669 -7.055222 
10.981812 0.002019 -1.338932 -6.943162 
10.985634 0.001911 -1.365248 -6.829025 
10.989299 0.001833 -1.390067 -6.712545 
10.992847 0.001774 -1.413674 -6.593643 
10.996304 0.001729 -1.436262 -6.472326 
10.999691 0.001693 -1.457975 -6.348639 
11.003024 0.001666 -1.478921 -6.222643 
11.006314 0.001645 -1.499186 -6.094410 
11.009573 0.001630 -1.518837 -5.964009 
11.012811 0.001619 -1.537932 -5.831513 
11.016035 0.001612 -1.556519 -5.696986 
11.019254 0.001609 -1.574638 -5.560492 
11.022475 0.001610 -1.592326 -5.422086 
11.025705 0.001615 -1.609612 -5.281815 
11.028951 0.001623 -1.626526 -5.139722 
11.032220 0.001634 -1.643093 -4.995837 
11.035519 0.001650 -1.659335 -4.850180 
11.038856 0.001669 -1.675276 -4.702758 
11.042240 0.001692 -1.690935 -4.553565 
11.045679 0.001719 -1.706333 -4.402572 
11.049182 0.001752 -1.721491 -4.249730 
11.052763 0.001790 -1.736430 -4.094959 
11.056433 0.001835 -1.751172 -3.938139 
11.060209 0.001888 -1.765741 -3.779100 
11.064110 0.001950 -1.780166 -3.617598 
11.068159 0.002025 -1.794482 -3.453287 
11.072389 0.002115 -1.808732 -3.285670 
11.076840 0.002226 -1.822974 -3.114005 
11.081573 0.002367 -1.837293 -2.937150 
11.086681 0.002554 -1.851822 -2.753214 
11.092322 0.002820 -1.866801 -2.558724 
11.098828 0.003253 -1.882751 -2.345998 
11.107248 0.004210 -1.901413 -2.089368 
11.114746 0.003749 -1.916281 -1.878550 
11.121403 0.003329 -1.928205 -1.705094 
11.128108 0.003352 -1.939089 -1.543084 
11.134304 0.003098 -1.948216 -1.404284 
11.140210 0.002953 -1.956143 -1.281350 
11.145948 0.002869 -1.963173 -1.170268 
11.151587 0.002819 -1.969483 -1.068746 
11.157171 0.002792 -1.975189 -0.975294 
11.162733 0.002781 -1.980371 -0.888854 
11.168298 0.002782 -1.985092 -0.808633 
11.173885 0.002794 -1.989399 -0.734012 
11.179513 0.002814 -1.993332 -0.664490 
11.185196 0.002841 -1.996922 -0.599650 
11.190948 0.002876 -2.000196 -0.539143 
11.196784 0.002918 -2.003176 -0.482665 
11.202716 0.002966 -2.005881 -0.429951 
11.208758 0.003021 -2.008328 -0.380768 
11.214922 0.003082 -2.010533 -0.334904 
11.221222 0.003150 -2.012506 -0.292171 
11.227671 0.003225 -2.014261 -0.252395 
11.234286 0.003307 -2.015807 -0.215415 
11.241081 0.003397 -2.017152 -0.181084 
11.248073 0.003496 -2.018306 -0.149264 
11.255281 0.003604 -2.019274 -0.119824 
11.262723 0.003721 -2.020063 -0.092643 
11.270423 0.003850 -2.020679 -0.067603 
11.278403 0.003990 -2.021125 -0.044595 
11.286690 0.004144 -2.021406 -0.023511 
11.295314 0.004312 -2.021524 -0.004251 
11.304309 0.004497 -2.021482 0.013284 
11.313712 0.004702 -2.021281 0.029189 
11.323567 0.004927 -2.020921 0.043557 
11.333923 0.005178 -2.020402 0.056477 
11.344837 0.005457 -2.019721 0.068038 
11.356376 0.005770 -2.018875 0.078325 
11.368619 0.006122 -2.017859 0.087422 
11.381660 0.006520 -2.016666 0.095413 
11.395610 0.006975 -2.015285 0.102380 
11.410606 0.007498 -2.013703 0.108404 
11.426816 0.008105 -2.011903 0.113564 
11.444448 0.008816 -2.009861 0.117942 
11.463771 0.009661 -2.007545 0.121617 
11.485128 0.010678 -2.004914 0.124668 
11.508977 0.011925 -2.001910 0.127178 
11.535942 0.013483 -1.998451 0.129228 
11.566902 0.015480 -1.994423 0.130905 
11.603146 0.018122 -1.989653 0.132300 
11.646656 0.021755 -1.983869 0.133514 
11.700696 0.027020 -1.976622 0.134669 
11.771094 0.035199 -1.967096 0.135927 
11.869545 0.049225 -1.953633 0.137556 
12.023520 0.076988 -1.932257 0.140122 
12.309115 0.142797 -1.891513 0.145273 
12.672470 0.181677 -1.837391 0.152780 
13.007321 0.167426 -1.784899 0.160906 
13.313170 0.152924 -1.734377 0.169650 
13.592191 0.139511 -1.685754 0.179073 
13.846495 0.127152 -1.638950 0.189241 
14.078086 0.115795 -1.593878 0.200229 
14.288864 0.105389 -1.550449 0.212119 
14.480622 0.095879 -1.508565 0.225003 
14.634157 0.076768 -1.473103 0.237173 
14.770147 0.067995 -1.440012 0.249727 
14.891485 0.060669 -1.408938 0.262708 
15.000429 0.054472 -1.379597 0.276155 
15.098789 0.049180 -1.351761 0.290105 
15.188035 0.044623 -1.325234 0.304596 
15.277528 0.044746 -1.297241 0.321289 
15.351270 0.036871 -1.272977 0.337035 
15.425245 0.036987 -1.247390 0.355045 
15.493016 0.033886 -1.222700 0.373912 
15.555009 0.030996 -1.198920 0.393578 
15.611929 0.028460 -1.175944 0.414081 
15.664386 0.026229 -1.153670 0.435465 
15.712895 0.024255 -1.132013 0.457772 
15.757895 0.022500 -1.110897 0.481046 
15.799759 0.020932 -1.090257 0.505330 
15.838811 0.019526 -1.070035 0.530666 
15.875330 0.018260 -1.050180 0.557097 
15.909560 0.017115 -1.030644 0.584666 
15.941716 0.016078 -1.011388 0.613417 
15.971985 0.015135 -0.992372 0.643393 
16.000534 0.014274 -0.973564 0.674640 
16.027510 0.013488 -0.954930 0.707201 
16.053045 0.012767 -0.936444 0.741124 
16.077257 0.012106 -0.918078 0.776454 
16.100250 0.011497 -0.899807 0.813240 
16.122119 0.010935 -0.881607 0.851529 
16.142951 0.010416 -0.863458 0.891371 
16.162823 0.009936 -0.845338 0.932817 
16.181805 0.009491 -0.827226 0.975921 
16.199960 0.009078 -0.809105 1.020735 
16.217349 0.008694 -0.790956 1.067315 
16.234023 0.008337 -0.772760 1.115720 
16.250032 0.008004 -0.754500 1.166009 
16.265420 0.007694 -0.736158 1.218245 
16.280230 0.007405 -0.717718 1.272493 
16.294500 0.007135 -0.699161 1.328822 
16.308265 0.006883 -0.680471 1.387304 
16.321559 0.006647 -0.661629 1.448014 
16.334412 0.006426 -0.642616 1.511035 
16.346853 0.006220 -0.623414 1.576450 
16.358909 0.006028 -0.604003 1.644354 
16.370606 0.005848 -0.584360 1.714844 
16.381967 0.005681 -0.564464 1.788028 
16.393017 0.005525 -0.544291 1.864023 
16.403777 0.005380 -0.523813 1.942957 
16.414268 0.005246 -0.503002 2.024971 
16.424512 0.005122 -0.481826 2.110223 
16.434528 0.005008 -0.460248 2.198891 
16.444338 0.004905 -0.438229 2.291175 
16.453961 0.004812 -0.415721 2.387306 
16.463420 0.004729 -0.392670 2.487554 
16.472736 0.004658 -0.369011 2.592235 
16.481934 0.004599 -0.344668 2.701731 
16.491040 0.004553 -0.319545 2.816510 
16.500087 0.004523 -0.293525 2.937157 
16.509110 0.004512 -0.266452 3.064430 
16.518157 0.004524 -0.238121 3.199344 
16.527292 0.004567 -0.208241 3.343327 
16.536607 0.004657 -0.176381 3.498512 
16.546250 0.004822 -0.141831 3.668405 
16.556502 0.005126 -0.103251 3.859640 
16.568060 0.005779 -0.057329 4.088644 
16.580339 0.006140 -0.005546 4.347605 
16.589255 0.004458 0.034094 4.545601 
16.597120 0.003932 0.070555 4.726965 
16.604191 0.003536 0.104573 4.895106 
16.611314 0.003561 0.140058 5.068971 
16.617808 0.003247 0.173502 5.231037 
16.623818 0.003005 0.205400 5.383643 
16.629455 0.002818 0.236155 5.528656 
16.634791 0.002668 0.266025 5.667230 
16.639878 0.002543 0.295190 5.800126 
16.644754 0.002438 0.323781 5.927863 
16.649448 0.002347 0.351900 6.050806 
16.653986 0.002269 0.379627 6.169216 
16.658387 0.002200 0.407027 6.283277 
16.662667 0.002140 0.434158 6.393117 
16.666842 0.002087 0.461066 6.498818 
16.670923 0.002040 0.487795 6.600429 
16.674921 0.001999 0.514382 6.697969 
16.678847 0.001963 0.540864 6.791430 
16.682710 0.001932 0.567273 6.880783 
16.686519 0.001904 0.593641 6.965978 
16.690281 0.001881 0.620000 7.046946 
16.694004 0.001862 0.646382 7.123596 
16.697697 0.001846 0.672819 7.195820 
16.701365 0.001834 0.699344 7.263487 
16.705018 0.001827 0.725994 7.326443 
16.708664 0.001823 0.752809 7.384507 
16.712310 0.001823 0.779833 7.437469 
16.715967 0.001828 0.807116 7.485080 
16.719644 0.001839 0.834718 7.527050 
16.723353 0.001855 0.862708 7.563029 
16.727110 0.001878 0.891175 7.592594 
16.730930 0.001910 0.920229 7.615222 
16.734838 0.001954 0.950015 7.630249 
16.738861 0.002012 0.980733 7.636798 
16.743045 0.002092 1.012676 7.633659 
16.747454 0.002205 1.046305 7.619034 
16.752204 0.002375 1.082434 7.589947 
16.757543 0.002669 1.122828 7.540442 
16.764287 0.003372 1.173394 7.452201 
16.769635 0.002674 1.213013 7.361853 
16.774387 0.002376 1.247778 7.266670 
16.778717 0.002165 1.279027 7.168038 
16.783070 0.002177 1.309993 7.057769 
16.787113 0.002022 1.338309 6.945750 
16.790939 0.001913 1.364664 6.831665 
16.794607 0.001834 1.389513 6.715240 
16.798158 0.001775 1.413145 6.596394 
16.801617 0.001730 1.435755 6.475132 
16.805005 0.001694 1.457487 6.351498 
16.808339 0.001667 1.478450 6.225555 
16.811630 0.001646 1.498729 6.097371 
16.814890 0.001630 1.518393 5.967020 
16.818128 0.001619 1.537501 5.834571 
16.821352 0.001612 1.556099 5.700090 
16.824571 0.001610 1.574228 5.563640 
16.827792 0.001610 1.591925 5.425277 
16.831022 0.001615 1.609220 5.285049 
16.834267 0.001623 1.626143 5.142997 
16.837536 0.001634 1.642717 4.999152 
16.840834 0.001649 1.658967 4.853536 
16.844171 0.001668 1.674914 4.706155 
16.847553 0.001691 1.690579 4.557002 
16.850990 0.001719 1.705983 4.406051 
16.854492 0.001751 1.721147 4.253252 
16.858071 0.001789 1.736090 4.098526 
16.861739 0.001834 1.750836 3.941755 
16.865512 0.001887 1.765409 3.782769 
16.869410 0.001949 1.779837 3.621327 
16.873456 0.002023 1.794155 3.457086 
16.877681 0.002112 1.808405 3.289551 
16.882126 0.002223 1.822647 3.117990 
16.886852 0.002363 1.836963 2.941271 
16.891950 0.002549 1.851485 2.757528 
16.897576 0.002813 1.866450 2.563340 
16.904055 0.003240 1.882367 2.351189 
16.912401 0.004173 1.900915 2.096331 
16.919944 0.003772 1.915919 1.883752 
16.926619 0.003337 1.927904 1.709512 
16.933343 0.003362 1.938847 1.546730 
16.939548 0.003103 1.948009 1.407461 
16.945459 0.002955 1.955961 1.284198 
16.951200 0.002870 1.963011 1.172858 
16.956841 0.002820 1.969337 1.071123 
16.962426 0.002793 1.975056 0.977487 
16.967989 0.002781 1.980250 0.890887 
16.973553 0.002782 1.984981 0.810522 
16.979140 0.002793 1.989299 0.735771 
16.984766 0.002813 1.993240 0.666129 
16.990447 0.002841 1.996839 0.601180 
16.996198 0.002875 2.000120 0.540571 
17.002032 0.002917 2.003107 0.483997 
17.007961 0.002965 2.005818 0.431195 
17.014000 0.003019 2.008272 0.381928 
17.020161 0.003080 2.010481 0.335986 
17.026457 0.003148 2.012461 0.293179 
17.032903 0.003223 2.014221 0.253332 
17.039514 0.003305 2.015771 0.216286 
17.046304 0.003395 2.017122 0.181892 
17.053291 0.003494 2.018280 0.150012 
17.060493 0.003601 2.019252 0.120515 
17.067930 0.003718 2.020046 0.093280 
17.075622 0.003846 2.020665 0.068190 
17.083595 0.003986 2.021116 0.045133 
17.091875 0.004140 2.021401 0.024004 
17.100491 0.004308 2.021523 0.004700 
17.109476 0.004493 2.021485 -0.012876 
17.118869 0.004696 2.021288 -0.028820 
17.128712 0.004922 2.020932 -0.043224 
17.139055 0.005171 2.020416 -0.056179 
17.149954 0.005450 2.019740 -0.067771 
17.161477 0.005762 2.018898 -0.078088 
17.173702 0.006112 2.017886 -0.087214 
17.186722 0.006510 2.016697 -0.095231 
17.200649 0.006963 2.015321 -0.102222 
17.215617 0.007484 2.013744 -0.108267 
17.231795 0.008089 2.011950 -0.113448 
17.249390 0.008798 2.009914 -0.117844 
17.268667 0.009639 2.007605 -0.121535 
17.289970 0.010651 2.004982 -0.124601 
17.313752 0.011891 2.001988 -0.127122 
17.340632 0.013440 1.998542 -0.129183 
17.371481 0.015425 1.994530 -0.130868 
17.407575 0.018047 1.989780 -0.132269 
17.450877 0.021651 1.984025 -0.133486 
17.504605 0.026864 1.976821 -0.134640 
17.574500 0.034948 1.967366 -0.135893 
17.672039 0.048770 1.954032 -0.137508 
17.824068 0.076014 1.932935 -0.140040 
18.104814 0.140373 1.892921 -0.145088 
18.468893 0.182040 1.838760 -0.152580 
18.804516 0.167812 1.786218 -0.160690 
19.111079 0.153281 1.735646 -0.169418 
19.390761 0.139841 1.686975 -0.178823 
19.645671 0.127455 1.640125 -0.188971 
19.877819 0.116074 1.595010 -0.199937 
20.089107 0.105644 1.551540 -0.211802 
20.281330 0.096111 1.509618 -0.224661 
20.435417 0.077044 1.474082 -0.236820 
20.571864 0.068223 1.440929 -0.249363 
20.693587 0.060861 1.409801 -0.262330 
20.802859 0.054636 1.380415 -0.275763 
20.901500 0.049321 1.352538 -0.289698 
20.990989 0.044744 1.325976 -0.304174 
21.080724 0.044868 1.297946 -0.320850 
21.154648 0.036962 1.273655 -0.336578 
21.228805 0.037078 1.248040 -0.354569 
21.296737 0.033966 1.223324 -0.373416 
21.358869 0.031066 1.199522 -0.393061 
21.415912 0.028521 1.176526 -0.413542 
21.468477 0.026283 1.154235 -0.434903 
21.517082 0.024303 1.132563 -0.457186 
21.562167 0.022542 1.111435 -0.480435 
21.604108 0.020970 1.090783 -0.504692 
21.643228 0.019560 1.070551 -0.530000 
21.679810 0.018291 1.050687 -0.556402 
21.714096 0.017143 1.031144 -0.583941 
21.746303 0.016103 1.011881 -0.612661 
21.776619 0.015158 0.992859 -0.642605 
21.805210 0.014296 0.974046 -0.673819 
21.832225 0.013507 0.955408 -0.706346 
21.857795 0.012785 0.936919 -0.740233 
21.882039 0.012122 0.918550 -0.775526 
21.905063 0.011512 0.900276 -0.812274 
21.926960 0.010949 0.882076 -0.850523 
21.947818 0.010429 0.863925 -0.890325 
21.967713 0.009948 0.845804 -0.931729 
21.986717 0.009502 0.827693 -0.974789 
22.004893 0.009088 0.809572 -1.019558 
22.022301 0.008704 0.791424 -1.066093 
22.038992 0.008346 0.773229 -1.114450 
22.055018 0.008013 0.754971 -1.164690 
22.070422 0.007702 0.736632 -1.216875 
22.085247 0.007412 0.718194 -1.271070 
22.099530 0.007142 0.699641 -1.327345 
22.113308 0.006889 0.680954 -1.385770 
22.126613 0.006653 0.662116 -1.446422 
22.139477 0.006432 0.643108 -1.509382 
22.151928 0.006226 0.623911 -1.574735 
22.163994 0.006033 0.604505 -1.642573 
22.175699 0.005853 0.584869 -1.712995 
22.187069 0.005685 0.564980 -1.786108 
22.198127 0.005529 0.544814 -1.862029 
22.208894 0.005384 0.524344 -1.940886 
22.219392 0.005249 0.503542 -2.022819 
22.229641 0.005125 0.482376 -2.107985 
22.239663 0.005011 0.460809 -2.196563 
22.249478 0.004907 0.438802 -2.288751 
22.259106 0.004814 0.416307 -2.384780 
22.268569 0.004731 0.393271 -2.484918 
22.277888 0.004660 0.369629 -2.589480 
22.287089 0.004600 0.345304 -2.698847 
22.296197 0.004554 0.320203 -2.813483 
22.305245 0.004524 0.294207 -2.933970 
22.314268 0.004512 0.267164 -3.061061 
22.323314 0.004523 0.238868 -3.195763 
22.332446 0.004566 0.209034 -3.339489 
22.341754 0.004654 0.177232 -3.494350 
22.351386 0.004816 0.142764 -3.663801 
22.361617 0.005115 0.104314 -3.854351 
22.373123 0.005753 0.058666 -4.081960 
22.385573 0.006225 0.006225 -4.344212 
22.394502 0.004464 -0.033444 -4.542359 
22.402383 0.003941 -0.069956 -4.723991 
22.409466 0.003541 -0.104008 -4.892324 
22.416601 0.003567 -0.139534 -5.066416 
22.423104 0.003251 -0.173006 -5.228647 
22.429121 0.003008 -0.204924 -5.381381 
22.434762 0.002821 -0.235694 -5.526499 
22.440103 0.002670 -0.265576 -5.665165 
22.445193 0.002545 -0.294751 -5.798143 
22.450071 0.002439 -0.323350 -5.925955 
22.454769 0.002349 -0.351475 -6.048969 
22.459309 0.002270 -0.379207 -6.167447 
22.463712 0.002201 -0.406612 -6.281573 
22.467994 0.002141 -0.433747 -6.391476 
22.472170 0.002088 -0.460658 -6.497240 
22.476252 0.002041 -0.487389 -6.598913 
22.480251 0.002000 -0.513978 -6.696514 
22.484179 0.001964 -0.540461 -6.790038 
22.488043 0.001932 -0.566871 -6.879454 
22.491852 0.001905 -0.593240 -6.964713 
22.495615 0.001881 -0.619599 -7.045745 
22.499338 0.001862 -0.645980 -7.122462 
22.503031 0.001846 -0.672416 -7.194755 
22.506700 0.001835 -0.698940 -7.262492 
22.510354 0.001827 -0.725588 -7.325521 
22.513999 0.001823 -0.752400 -7.383660 
22.517645 0.001823 -0.779420 -7.436701 
22.521302 0.001828 -0.806699 -7.484397 
22.524978 0.001838 -0.834295 -7.526455 
22.528687 0.001855 -0.862279 -7.562528 
22.532443 0.001878 -0.890738 -7.592194 
22.536262 0.001910 -0.919782 -7.614932 
22.540168 0.001953 -0.949555 -7.630080 
22.544190 0.002011 -0.980257 -7.636767 
22.548370 0.002090 -1.012179 -7.633787 
22.552775 0.002202 -1.045777 -7.619355 
22.557519 0.002372 -1.081859 -7.590520 
22.562846 0.002663 -1.122164 -7.541403 
22.569551 0.003353 -1.172454 -7.454114 
22.574924 0.002687 -1.212270 -7.363725 
22.579687 0.002381 -1.247118 -7.268616 
22.584023 0.002168 -1.278426 -7.170053 
22.588384 0.002180 -1.309453 -7.059800 
22.592432 0.002024 -1.337811 -6.947813 
22.596261 0.001914 -1.364197 -6.833768 
22.599932 0.001835 -1.389071 -6.717387 
22.603484 0.001776 -1.412723 -6.598586 
22.606945 0.001730 -1.435350 -6.477368 
22.610335 0.001695 -1.457097 -6.353777 
22.613669 0.001667 -1.478073 -6.227875 
22.616961 0.001646 -1.498364 -6.099732 
22.620221 0.001630 -1.518039 -5.969419 
22.623459 0.001619 -1.537156 -5.837008 
22.626684 0.001612 -1.555763 -5.702564 
22.629903 0.001610 -1.573901 -5.566149 
22.633124 0.001610 -1.591605 -5.427821 
22.636353 0.001615 -1.608908 -5.287626 
22.639598 0.001623 -1.625837 -5.145607 
22.642866 0.001634 -1.642417 -5.001795 
22.646164 0.001649 -1.658673 -4.856211 
22.649500 0.001668 -1.674625 -4.708862 
22.652881 0.001691 -1.690295 -4.559742 
22.656317 0.001718 -1.705704 -4.408824 
22.659818 0.001750 -1.720872 -4.256060 
22.663395 0.001789 -1.735819 -4.101370 
22.667062 0.001833 -1.750568 -3.944638 
22.670833 0.001886 -1.765144 -3.785694 
22.674728 0.001948 -1.779575 -3.624300 
22.678771 0.002021 -1.793894 -3.460113 
22.682992 0.002111 -1.808145 -3.292644 
22.687433 0.002221 -1.822386 -3.121165 
22.692153 0.002360 -1.836700 -2.944554 
22.697243 0.002545 -1.851217 -2.760963 
22.702857 0.002807 -1.866170 -2.567014 
22.709316 0.003229 -1.882062 -2.355313 
22.717604 0.004144 -1.900522 -2.101820 
22.725185 0.003790 -1.915635 -1.887824 
22.731872 0.003344 -1.927669 -1.712966 
22.738611 0.003370 -1.938657 -1.549574 
22.744824 0.003107 -1.947848 -1.409938 
22.750739 0.002958 -1.955819 -1.286417 
22.756483 0.002872 -1.962884 -1.174876 
22.762125 0.002821 -1.969223 -1.072974 
22.767711 0.002793 -1.974952 -0.979196 
22.773274 0.002781 -1.980156 -0.892470 
22.778838 0.002782 -1.984895 -0.811993 
22.784424 0.002793 -1.989220 -0.737141 
22.790049 0.002813 -1.993169 -0.667406 
22.795729 0.002840 -1.996773 -0.602371 
22.801479 0.002875 -2.000060 -0.541682 
22.807311 0.002916 -2.003052 -0.485035 
22.813238 0.002964 -2.005769 -0.432163 
22.819275 0.003018 -2.008227 -0.382831 
22.825433 0.003079 -2.010442 -0.336828 
22.831727 0.003147 -2.012425 -0.293963 
22.838170 0.003222 -2.014189 -0.254061 
22.844777 0.003304 -2.015744 -0.216964 
22.851564 0.003393 -2.017098 -0.182521 
22.858547 0.003492 -2.018259 -0.150594 
22.865745 0.003599 -2.019235 -0.121054 
22.873177 0.003716 -2.020032 -0.093777 
22.880865 0.003844 -2.020655 -0.068646 
22.888832 0.003984 -2.021109 -0.045552 
22.897105 0.004137 -2.021397 -0.024387 
22.905714 0.004305 -2.021522 -0.005050 
22.914692 0.004489 -2.021487 0.012558 
22.924077 0.004692 -2.021293 0.028532 
22.933911 0.004917 -2.020940 0.042964 
22.944244 0.005166 -2.020428 0.055946 
22.955132 0.005444 -2.019754 0.067563 
22.966643 0.005755 -2.018915 0.077904 
22.978854 0.006105 -2.017907 0.087051 
22.991858 0.006502 -2.016721 0.095089 
23.005766 0.006954 -2.015349 0.102098 
23.020713 0.007474 -2.013776 0.108161 
23.036866 0.008076 -2.011986 0.113357 
23.054432 0.008783 -2.009955 0.117767 
23.073675 0.009621 -2.007652 0.121471 
23.094935 0.010630 -2.005035 0.124548 
23.118664 0.011865 -2.002048 0.127079 
23.145479 0.013407 -1.998612 0.129148 
23.176243 0.015382 -1.994612 0.130839 
23.212222 0.017990 -1.989878 0.132244 
23.255362 0.021570 -1.984146 0.133464 
23.308849 0.026744 -1.976975 0.134618 
23.378357 0.034754 -1.967574 0.135867 
23.475198 0.048420 -1.954339 0.137471 
23.625741 0.075272 -1.933456 0.139977 
23.902786 0.138522 -1.893997 0.144947 
24.267426 0.182320 -1.839806 0.152427 
24.603639 0.168107 -1.787224 0.160526 
24.910749 0.153555 -1.736614 0.169242 
25.190934 0.140093 -1.687907 0.178633 
25.446309 0.127687 -1.641023 0.188765 
25.678883 0.116287 -1.595875 0.199714 
25.890560 0.105839 -1.552374 0.211562 
26.083138 0.096289 -1.510422 0.224399 
26.237649 0.077255 -1.474830 0.236551 
26.374446 0.068398 -1.441629 0.249085 
26.496464 0.061009 -1.410460 0.262043 
26.605986 0.054761 -1.381039 0.275465 
26.704842 0.049428 -1.353131 0.289389 
26.794516 0.044837 -1.326542 0.303852 
26.884438 0.044961 -1.298484 0.320516 
26.958501 0.037031 -1.274173 0.336230 
27.032798 0.037148 -1.248535 0.354207 
27.100852 0.034027 -1.223800 0.373039 
27.163091 0.031120 -1.199981 0.392668 
27.220227 0.028568 -1.176970 0.413132 
27.272875 0.026324 -1.154667 0.434475 
27.321553 0.024339 -1.132983 0.456739 
27.366704 0.022575 -1.111845 0.479969 
27.408703 0.021000 -1.091185 0.504205 
27.447876 0.019587 -1.070945 0.529493 
27.484504 0.018314 -1.051074 0.555873 
27.518834 0.017165 -1.031525 0.583389 
27.551080 0.016123 -1.012256 0.612086 
27.581431 0.015176 -0.993230 0.642005 
27.610054 0.014312 -0.974413 0.673193 
27.637099 0.013522 -0.955773 0.705694 
27.662697 0.012799 -0.937280 0.739554 
27.686966 0.012134 -0.918909 0.774820 
27.710012 0.011523 -0.900634 0.811538 
27.731931 0.010959 -0.882432 0.849758 
27.752808 0.010439 -0.864281 0.889528 
27.772722 0.009957 -0.846160 0.930901 
27.791742 0.009510 -0.828048 0.973928 
27.809934 0.009096 -0.809928 1.018663 
27.827356 0.008711 -0.791780 1.065162 
27.844061 0.008353 -0.773587 1.113483 
27.860100 0.008019 -0.755330 1.163685 
27.875515 0.007708 -0.736992 1.215831 
27.890351 0.007418 -0.718557 1.269987 
27.904645 0.007147 -0.700006 1.326220 
27.918432 0.006894 -0.681322 1.384602 
27.931746 0.006657 -0.662487 1.445210 
27.944619 0.006436 -0.643483 1.508123 
27.957078 0.006229 -0.624290 1.573428 
27.969150 0.006036 -0.604888 1.641216 
27.980863 0.005856 -0.585257 1.711587 
27.992239 0.005688 -0.565373 1.784646 
28.003303 0.005532 -0.545213 1.860511 
28.014075 0.005386 -0.524749 1.939308 
28.024578 0.005252 -0.503954 2.021180 
28.034833 0.005127 -0.482795 2.106281 
28.044859 0.005013 -0.461237 2.194790 
28.054677 0.004909 -0.439239 2.286905 
28.064309 0.004816 -0.416754 2.382856 
28.073774 0.004733 -0.393728 2.482910 
28.083097 0.004661 -0.370099 2.587383 
28.092299 0.004601 -0.345789 2.696651 
28.101409 0.004555 -0.320704 2.811178 
28.110458 0.004524 -0.294727 2.931544 
28.119481 0.004512 -0.267706 3.058496 
28.128526 0.004523 -0.239437 3.193037 
28.137655 0.004565 -0.209636 3.336569 
28.146959 0.004652 -0.177879 3.491184 
28.156583 0.004812 -0.143473 3.660301 
28.166797 0.005107 -0.105122 3.850335 
28.178265 0.005734 -0.059678 4.076904 
28.190851 0.006293 -0.006714 4.341764 
28.199788 0.004469 0.032971 4.540001 
28.207681 0.003947 0.069520 4.721830 
28.214772 0.003545 0.103598 4.890302 
28.221916 0.003572 0.139153 5.064560 
28.228425 0.003255 0.172646 5.226912 
28.234447 0.003011 0.204579 5.379738 
28.240092 0.002823 0.235360 5.524933 
28.245435 0.002672 0.265251 5.663666 
28.250528 0.002546 0.294432 5.796703 
28.255409 0.002440 0.323037 5.924570 
28.260108 0.002350 0.351167 6.047636 
28.264650 0.002271 0.378903 6.166162 
28.269054 0.002202 0.406311 6.280335 
28.273337 0.002142 0.433448 6.390285 
28.277514 0.002088 0.460362 6.496094 
28.281597 0.002042 0.487095 6.597812 
28.285598 0.002000 0.513685 6.695459 
28.289526 0.001964 0.540169 6.789027 
28.293390 0.001932 0.566580 6.878488 
28.297200 0.001905 0.592949 6.963794 
28.300963 0.001882 0.619308 7.044873 
28.304688 0.001862 0.645689 7.121639 
28.308381 0.001847 0.672123 7.193980 
28.312050 0.001835 0.698646 7.261769 
28.315704 0.001827 0.725293 7.324850 
28.319349 0.001823 0.752103 7.383045 
28.322995 0.001823 0.779120 7.436144 
28.326651 0.001828 0.806396 7.483900 
28.330328 0.001838 0.833988 7.526022 
28.334036 0.001854 0.861968 7.562163 
28.337791 0.001877 0.890421 7.591903 
28.341610 0.001909 0.919457 7.614721 
28.345514 0.001952 0.949222 7.629957 
28.349535 0.002010 0.979912 7.636742 
28.353713 0.002089 1.011819 7.633878 
28.358115 0.002201 1.045394 7.619585 
28.362854 0.002370 1.081442 7.590934 
28.368172 0.002659 1.121684 7.542096 
28.374851 0.003339 1.171777 7.455485 
28.380242 0.002696 1.211737 7.365062 
28.385012 0.002385 1.246646 7.270006 
28.389354 0.002171 1.277996 7.171493 
28.393719 0.002183 1.309067 7.061250 
28.397771 0.002026 1.337455 6.949287 
28.401603 0.001916 1.363863 6.835271 
28.405275 0.001836 1.388755 6.718921 
28.408829 0.001777 1.412421 6.600151 
28.412291 0.001731 1.435061 6.478965 
28.415681 0.001695 1.456818 6.355404 
28.419016 0.001667 1.477804 6.229532 
28.422308 0.001646 1.498103 6.101418 
28.425569 0.001630 1.517786 5.971133 
28.428807 0.001619 1.536910 5.838749 
28.432032 0.001612 1.555523 5.704331 
28.435251 0.001610 1.573667 5.567942 
28.438472 0.001610 1.591377 5.429638 
28.441701 0.001615 1.608685 5.289467 
28.444946 0.001622 1.625618 5.147472 
28.448214 0.001634 1.642203 5.003683 
28.451511 0.001649 1.658462 4.858122 
28.454846 0.001668 1.674419 4.710796 
28.458227 0.001690 1.690093 4.561699 
28.461662 0.001718 1.705505 4.410805 
28.465162 0.001750 1.720675 4.258065 
28.468738 0.001788 1.735625 4.103401 
28.472404 0.001833 1.750377 3.946697 
28.476173 0.001885 1.764955 3.787783 
28.480067 0.001947 1.779387 3.626423 
28.484107 0.002020 1.793708 3.462276 
28.488326 0.002109 1.807960 3.294853 
28.492764 0.002219 1.822200 3.123433 
28.497480 0.002358 1.836512 2.946899 
28.502564 0.002542 1.851026 2.763415 
28.508170 0.002803 1.865971 2.569635 
28.514614 0.003222 1.881844 2.358252 
28.522862 0.004124 1.900243 2.105711 
28.530469 0.003804 1.915436 1.890692 
28.537166 0.003348 1.927504 1.715399 
28.543916 0.003375 1.938524 1.551573 
28.550134 0.003109 1.947734 1.411678 
28.556052 0.002959 1.955719 1.287975 
28.561797 0.002873 1.962795 1.176292 
28.567441 0.002822 1.969143 1.074274 
28.573027 0.002793 1.974880 0.980395 
28.578590 0.002781 1.980090 0.893581 
28.584154 0.002782 1.984835 0.813026 
28.589739 0.002793 1.989165 0.738102 
28.595364 0.002812 1.993119 0.668302 
28.601044 0.002840 1.996727 0.603207 
28.606792 0.002874 2.000018 0.542463 
28.612623 0.002915 2.003014 0.485763 
28.618549 0.002963 2.005735 0.432843 
28.624584 0.003017 2.008196 0.383465 
28.630741 0.003078 2.010414 0.337419 
28.637032 0.003146 2.012400 0.294513 
28.643473 0.003220 2.014167 0.254574 
28.650078 0.003302 2.015724 0.217439 
28.656863 0.003392 2.017081 0.182962 
28.663843 0.003490 2.018245 0.151003 
28.671038 0.003597 2.019224 0.121432 
28.678467 0.003714 2.020023 0.094125 
28.686151 0.003842 2.020648 0.068967 
28.694114 0.003982 2.021104 0.045846 
28.702383 0.004135 2.021394 0.024657 
28.710988 0.004302 2.021521 0.005296 
28.719961 0.004486 2.021488 -0.012334 
28.729340 0.004689 2.021296 -0.028330 
28.739167 0.004914 2.020946 -0.042782 
28.749493 0.005163 2.020435 -0.055782 
28.760374 0.005440 2.019764 -0.067417 
28.771876 0.005751 2.018928 -0.077774 
28.784077 0.006100 2.017921 -0.086937 
28.797069 0.006496 2.016738 -0.094989 
28.810964 0.006948 2.015368 -0.102011 
28.825897 0.007466 2.013798 -0.108086 
28.842033 0.008068 2.012011 -0.113294 
28.859578 0.008773 2.009983 -0.117713 
28.878797 0.009609 2.007684 -0.121426 
28.900027 0.010615 2.005072 -0.124510 
28.923720 0.011847 2.002091 -0.127049 
28.950488 0.013384 1.998661 -0.129123 
28.981193 0.015352 1.994669 -0.130819 
29.017092 0.017949 1.989947 -0.132227 
29.060119 0.021514 1.984230 -0.133448 
29.113439 0.026660 1.977083 -0.134602 
29.182678 0.034620 1.967719 -0.135849 
29.279035 0.048178 1.954552 -0.137446 
29.428551 0.074758 1.933817 -0.139933 
29.703036 0.137242 1.894741 -0.144850 
30.068067 0.182516 1.840530 -0.152322 
30.404689 0.168311 1.787921 -0.160413 
30.712177 0.153744 1.737285 -0.169120 
30.992711 0.140267 1.688553 -0.178501 
31.248408 0.127848 1.641644 -0.188623 
31.481276 0.116434 1.596473 -0.199561 
31.693223 0.105973 1.552950 -0.211395 
31.886048 0.096412 1.510979 -0.224219 
32.040852 0.077402 1.475347 -0.236366 
32.177891 0.068520 1.442113 -0.248893 
32.300113 0.061111 1.410916 -0.261844 
32.409809 0.054848 1.381470 -0.275259 
32.508814 0.049502 1.353541 -0.289175 
32.598617 0.044902 1.326934 -0.303630 
32.688668 0.045025 1.298855 -0.320285 
32.762827 0.037080 1.274530 -0.335989 
32.837220 0.037196 1.248878 -0.353957 
32.905359 0.034070 1.224129 -0.372778 
32.967672 0.031157 1.200299 -0.392396 
33.024873 0.028600 1.177278 -0.412848 
33.077578 0.026353 1.154965 -0.434179 
33.126308 0.024365 1.133274 -0.456431 
33.171503 0.022598 1.112128 -0.479647 
33.213543 0.021020 1.091462 -0.503870 
33.252752 0.019605 1.071217 -0.529142 
33.289413 0.018331 1.051341 -0.555508 
33.323773 0.017180 1.031788 -0.583008 
33.356045 0.016136 1.012516 -0.611688 
33.386421 0.015188 0.993487 -0.641591 
33.415067 0.014323 0.974667 -0.672762 
33.442132 0.013533 0.956025 -0.705245 
33.467749 0.012808 0.937530 -0.739086 
33.492035 0.012143 0.919158 -0.774332 
33.515097 0.011531 0.900882 -0.811030 
33.537030 0.010967 0.882679 -0.849229 
33.557921 0.010445 0.864527 -0.888978 
33.577847 0.009963 0.846405 -0.930329 
33.596880 0.009516 0.828294 -0.973333 
33.615083 0.009101 0.810174 -1.018044 
33.632515 0.008716 0.792027 -1.064519 
33.649229 0.008357 0.773834 -1.112815 
33.665276 0.008023 0.755578 -1.162991 
33.680700 0.007712 0.737242 -1.215111 
33.695543 0.007422 0.718808 -1.269238 
33.709844 0.007150 0.700259 -1.325443 
33.723638 0.006897 0.681577 -1.383796 
33.736959 0.006660 0.662744 -1.444372 
33.749837 0.006439 0.643742 -1.507254 
33.762301 0.006232 0.624552 -1.572526 
33.774379 0.006039 0.605153 -1.640280 
33.786096 0.005859 0.585525 -1.710615 
33.797477 0.005690 0.565645 -1.783637 
33.808545 0.005534 0.545488 -1.859463 
33.819321 0.005388 0.525029 -1.938220 
33.829827 0.005253 0.504238 -2.020048 
33.840085 0.005129 0.483085 -2.105105 
33.850114 0.005015 0.461532 -2.193566 
33.859935 0.004911 0.439540 -2.285630 
33.869569 0.004817 0.417062 -2.381528 
33.879037 0.004734 0.394045 -2.481525 
33.888361 0.004662 0.370424 -2.585935 
33.897565 0.004602 0.346124 -2.695135 
33.906676 0.004556 0.321050 -2.809587 
33.915725 0.004524 0.295086 -2.929869 
33.924749 0.004512 0.268080 -3.056727 
33.933793 0.004522 0.239830 -3.191156 
33.942921 0.004564 0.210053 -3.334554 
33.952221 0.004650 0.178325 -3.489000 
33.961839 0.004809 0.143962 -3.657887 
33.972043 0.005102 0.105678 -3.847569 
33.983484 0.005721 0.060373 -4.073431 
33.996166 0.006341 0.007038 -4.340145 
34.005109 0.004471 -0.032657 -4.538432 
34.013010 0.003950 -0.069231 -4.720393 
34.020106 0.003548 -0.103325 -4.888958 
34.027256 0.003575 -0.138900 -5.063326 
34.033769 0.003257 -0.172406 -5.225758 
34.039794 0.003012 -0.204349 -5.378647 
34.045442 0.002824 -0.235137 -5.523892 
34.050787 0.002673 -0.265034 -5.662669 
34.055881 0.002547 -0.294220 -5.795746 
34.060763 0.002441 -0.322829 -5.923650 
34.065464 0.002350 -0.350962 -6.046749 
34.070007 0.002271 -0.378701 -6.165308 
34.074412 0.002203 -0.406111 -6.279513 
34.078696 0.002142 -0.433250 -6.389493 
34.082874 0.002089 -0.460165 -6.495332 
34.086958 0.002042 -0.486899 -6.597080 
34.090959 0.002001 -0.513491 -6.694757 
34.094887 0.001964 -0.539975 -6.788355 
34.098752 0.001933 -0.566386 -6.877847 
34.102562 0.001905 -0.592755 -6.963183 
34.106326 0.001882 -0.619114 -7.044294 
34.110050 0.001862 -0.645495 -7.121091 
34.113744 0.001847 -0.671929 -7.193466 
34.117413 0.001835 -0.698451 -7.261288 
34.121067 0.001827 -0.725097 -7.324405 
34.124712 0.001823 -0.751905 -7.382636 
34.128358 0.001823 -0.778921 -7.435773 
34.132014 0.001828 -0.806195 -7.483569 
34.135690 0.001838 -0.833785 -7.525734 
34.139399 0.001854 -0.861761 -7.561920 
34.143153 0.001877 -0.890210 -7.591709 
34.146971 0.001909 -0.919242 -7.614580 
34.150875 0.001952 -0.949000 -7.629874 
34.154895 0.002010 -0.979683 -7.636726 
34.159072 0.002089 -1.011579 -7.633937 
34.163472 0.002200 -1.045140 -7.619737 
34.168208 0.002368 -1.081165 -7.591207 
34.173520 0.002656 -1.121365 -7.542554 
34.180181 0.003330 -1.171330 -7.456387 
34.185584 0.002702 -1.211386 -7.365940 
34.190359 0.002387 -1.246335 -7.270920 
34.194704 0.002172 -1.277713 -7.172439 
34.199073 0.002185 -1.308813 -7.062203 
34.203127 0.002027 -1.337220 -6.950255 
34.206960 0.001916 -1.363643 -6.836259 
34.210634 0.001837 -1.388547 -6.719929 
34.214189 0.001777 -1.412223 -6.601180 
34.217651 0.001731 -1.434870 -6.480014 
34.221042 0.001695 -1.456635 -6.356474 
34.224377 0.001668 -1.477627 -6.230621 
34.227670 0.001646 -1.497932 -6.102526 
34.230931 0.001630 -1.517620 -5.972260 
34.234170 0.001619 -1.536748 -5.839893 
34.237395 0.001613 -1.555366 -5.705492 
34.240614 0.001610 -1.573513 -5.569120 
34.243834 0.001610 -1.591227 -5.430832 
34.247063 0.001615 -1.608538 -5.290677 
34.250308 0.001622 -1.625474 -5.148697 
34.253575 0.001634 -1.642062 -5.004924 
34.256873 0.001649 -1.658324 -4.859378 
34.260207 0.001667 -1.674283 -4.712067 
34.263588 0.001690 -1.689959 -4.562986 
34.267023 0.001717 -1.705374 -4.412107 
34.270522 0.001750 -1.720546 -4.259383 
34.274097 0.001788 -1.735498 -4.104736 
34.277762 0.001832 -1.750251 -3.948050 
34.281530 0.001884 -1.764830 -3.789156 
34.285423 0.001946 -1.779264 -3.627818 
34.289462 0.002020 -1.793585 -3.463697 
34.293679 0.002108 -1.807838 -3.296305 
34.298115 0.002218 -1.822078 -3.124923 
34.302828 0.002357 -1.836389 -2.948439 
34.307908 0.002540 -1.850900 -2.765026 
34.313509 0.002800 -1.865840 -2.571357 
34.319943 0.003217 -1.881701 -2.360181 
34.328165 0.004111 -1.900061 -2.108254 
34.335790 0.003812 -1.915305 -1.892560 
34.342493 0.003351 -1.927396 -1.716981 
34.349250 0.003378 -1.938438 -1.552873 
34.355472 0.003111 -1.947661 -1.412808 
34.361392 0.002960 -1.955655 -1.288987 
34.367138 0.002873 -1.962737 -1.177212 
34.372782 0.002822 -1.969091 -1.075118 
34.378369 0.002793 -1.974832 -0.981174 
34.383932 0.002781 -1.980047 -0.894303 
34.389496 0.002782 -1.984796 -0.813696 
34.395081 0.002793 -1.989129 -0.738726 
34.400705 0.002812 -1.993086 -0.668884 
34.406384 0.002839 -1.996698 -0.603750 
34.412132 0.002874 -1.999991 -0.542969 
34.417962 0.002915 -2.002990 -0.486236 
34.423887 0.002963 -2.005712 -0.433284 
34.429921 0.003017 -2.008176 -0.383877 
34.436077 0.003078 -2.010396 -0.337803 
34.442367 0.003145 -2.012384 -0.294871 
34.448807 0.003220 -2.014153 -0.254906 
34.455410 0.003302 -2.015712 -0.217748 
34.462193 0.003391 -2.017070 -0.183249 
34.469172 0.003489 -2.018236 -0.151268 
34.476365 0.003596 -2.019216 -0.121677 
34.483791 0.003713 -2.020017 -0.094351 
34.491473 0.003841 -2.020643 -0.069175 
34.499434 0.003980 -2.021101 -0.046038 
34.507700 0.004133 -2.021392 -0.024832 
34.516302 0.004301 -2.021521 -0.005456 
34.525271 0.004485 -2.021489 0.012189 
34.534647 0.004688 -2.021299 0.028198 
34.544470 0.004912 -2.020949 0.042664 
34.554792 0.005161 -2.020440 0.055676 
34.565667 0.005438 -2.019770 0.067323 
34.577163 0.005748 -2.018935 0.077690 
34.589358 0.006097 -2.017931 0.086863 
34.602343 0.006493 -2.016749 0.094924 
34.616230 0.006943 -2.015381 0.101955 
34.631153 0.007462 -2.013813 0.108038 
34.647278 0.008062 -2.012027 0.113252 
34.664810 0.008766 -2.010002 0.117678 
34.684012 0.009601 -2.007705 0.121396 
34.705224 0.010606 -2.005096 0.124486 
34.728893 0.011835 -2.002118 0.127029 
34.755632 0.013369 -1.998693 0.129107 
34.786297 0.015333 -1.994707 0.130806 
34.822145 0.017924 -1.989991 0.132216 
34.865099 0.021477 -1.984285 0.133438 
34.918312 0.026606 -1.977153 0.134592 
34.987377 0.034533 -1.967813 0.135837 
35.083421 0.048022 -1.954690 0.137430 
35.232277 0.074428 -1.934049 0.139904 
35.505117 0.136420 -1.895221 0.144787 
35.870401 0.182642 -1.840995 0.152254 
36.207286 0.168442 -1.788369 0.160340 
36.515018 0.153866 -1.737716 0.169041 
36.795777 0.140380 -1.688967 0.178417 
37.051680 0.127951 -1.642043 0.188532 
37.284738 0.116529 -1.596858 0.199462 
37.496859 0.106060 -1.553321 0.211289 
37.689842 0.096492 -1.511337 0.224103 
37.844835 0.077496 -1.475679 0.236246 
37.982030 0.068598 -1.442424 0.248770 
38.104384 0.061177 -1.411209 0.261717 
38.214191 0.054904 -1.381747 0.275127 
38.313292 0.049550 -1.353805 0.289038 
38.403178 0.044943 -1.327185 0.303487 
38.493312 0.045067 -1.299094 0.320137 
38.567533 0.037111 -1.274760 0.335835 
38.641988 0.037227 -1.249098 0.353796 
38.710181 0.034097 -1.224341 0.372610 
38.772542 0.031180 -1.200503 0.392221 
38.829785 0.028621 -1.177475 0.412667 
38.882527 0.026371 -1.155156 0.433989 
38.931289 0.024381 -1.133460 0.456233 
38.976513 0.022612 -1.112310 0.479440 
39.018579 0.021033 -1.091640 0.503654 
39.057812 0.019616 -1.071391 0.528918 
39.094494 0.018341 -1.051513 0.555273 
39.128872 0.017189 -1.031957 0.582764 
39.161162 0.016145 -1.012683 0.611433 
39.191554 0.015196 -0.993652 0.641325 
39.220214 0.014330 -0.974830 0.672485 
39.247292 0.013539 -0.956186 0.704956 
39.272921 0.012814 -0.937691 0.738785 
39.297218 0.012149 -0.919317 0.774019 
39.320291 0.011536 -0.901040 0.810704 
39.342234 0.010971 -0.882837 0.848890 
39.363133 0.010450 -0.864685 0.888625 
39.383067 0.009967 -0.846563 0.929961 
39.402107 0.009520 -0.828452 0.972951 
39.420317 0.009105 -0.810332 1.017647 
39.437755 0.008719 -0.792185 1.064107 
39.454476 0.008360 -0.773993 1.112386 
39.470529 0.008026 -0.755737 1.162546 
39.485958 0.007715 -0.737402 1.214648 
39.500806 0.007424 -0.718969 1.268758 
39.515111 0.007153 -0.700421 1.324944 
39.528910 0.006899 -0.681740 1.383278 
39.542234 0.006662 -0.662909 1.443835 
39.555116 0.006441 -0.643908 1.506696 
39.567584 0.006234 -0.624720 1.571947 
39.579665 0.006041 -0.605323 1.639679 
39.591385 0.005860 -0.585697 1.709991 
39.602769 0.005692 -0.565819 1.782989 
39.613839 0.005535 -0.545665 1.858790 
39.624618 0.005389 -0.525209 1.937520 
39.635127 0.005254 -0.504421 2.019322 
39.645386 0.005130 -0.483271 2.104349 
39.655417 0.005016 -0.461722 2.192780 
39.665240 0.004911 -0.439734 2.284812 
39.674876 0.004818 -0.417260 2.380675 
39.684345 0.004735 -0.394248 2.480635 
39.693670 0.004663 -0.370632 2.585005 
39.702875 0.004603 -0.346338 2.694162 
39.711987 0.004556 -0.321272 2.808566 
39.721036 0.004525 -0.295316 2.928794 
39.730060 0.004512 -0.268321 3.055591 
39.739104 0.004522 -0.240082 3.189949 
39.748230 0.004563 -0.210320 3.333261 
39.757529 0.004649 -0.178612 3.487599 
39.767143 0.004807 -0.144276 3.656339 
39.777340 0.005098 -0.106035 3.845795 
39.788765 0.005713 -0.060818 4.071207 
39.801509 0.006372 -0.007239 4.339137 
39.810455 0.004473 0.032460 4.537451 
39.818361 0.003953 0.069050 4.719494 
39.825461 0.003550 0.103155 4.888117 
39.832614 0.003577 0.138742 5.062554 
39.839130 0.003258 0.172257 5.225037 
39.845157 0.003013 0.204206 5.377964 
39.850806 0.002825 0.234999 5.523242 
39.856153 0.002673 0.264899 5.662047 
39.861248 0.002548 0.294088 5.795148 
39.866131 0.002442 0.322699 5.923075 
39.870832 0.002351 0.350834 6.046195 
39.875376 0.002272 0.378574 6.164775 
39.879782 0.002203 0.405986 6.278999 
39.884066 0.002142 0.433126 6.388998 
39.888244 0.002089 0.460042 6.494856 
39.892329 0.002042 0.486777 6.596623 
39.896330 0.002001 0.513369 6.694318 
39.900259 0.001964 0.539854 6.787935 
39.904124 0.001933 0.566265 6.877446 
39.907935 0.001905 0.592635 6.962801 
39.911698 0.001882 0.618994 7.043932 
39.915423 0.001862 0.645374 7.120749 
39.919116 0.001847 0.671808 7.193144 
39.922786 0.001835 0.698329 7.260988 
39.926439 0.001827 0.724974 7.324126 
39.930085 0.001823 0.751782 7.382381 
39.933731 0.001823 0.778797 7.435541 
39.937387 0.001828 0.806069 7.483362 
39.941063 0.001838 0.833657 7.525554 
39.944771 0.001854 0.861632 7.561768 
39.948525 0.001877 0.890078 7.591587 
39.952343 0.001909 0.919107 7.614491 
39.956247 0.001952 0.948862 7.629822 
39.960265 0.002009 0.979540 7.636715 
39.964442 0.002088 1.011430 7.633974 
39.968840 0.002199 1.044982 7.619832 
39.973575 0.002367 1.080993 7.591377 
39.978883 0.002654 1.121166 7.542839 
39.985533 0.003325 1.171052 7.456947 
39.990944 0.002706 1.211168 7.366485 
39.995722 0.002389 1.246142 7.271487 
40.000069 0.002173 1.277537 7.173027 
