0.000000 1.000000 0.010000 0.000000
0.069903 0.034952 0.009973 -0.000832 
0.149800 0.039948 0.009857 -0.002206 
0.220301 0.035251 0.009645 -0.003955 
0.283438 0.031568 0.009332 -0.006120 
0.340620 0.028591 0.008912 -0.008742 
0.397868 0.028624 0.008319 -0.012201 
0.450132 0.026132 0.007581 -0.016310 
0.497888 0.023878 0.006694 -0.021085 
0.541865 0.021989 0.005653 -0.026566 
0.582649 0.020392 0.004448 -0.032795 
0.620694 0.019023 0.003073 -0.039815 
0.656362 0.017834 0.001519 -0.047670 
0.689946 0.016792 -0.000223 -0.056402 
0.721684 0.015869 -0.002161 -0.066053 
0.751778 0.015047 -0.004303 -0.076665 
0.780395 0.014309 -0.006657 -0.088282 
0.807679 0.013642 -0.009233 -0.100945 
0.833753 0.013037 -0.012039 -0.114697 
0.858725 0.012486 -0.015083 -0.129579 
0.882686 0.011981 -0.018375 -0.145633 
0.905719 0.011517 -0.021923 -0.162902 
0.927897 0.011089 -0.025736 -0.181428 
0.949283 0.010693 -0.029822 -0.201253 
0.969935 0.010326 -0.034192 -0.222418 
0.989905 0.009985 -0.038854 -0.244967 
1.009240 0.009667 -0.043817 -0.268941 
1.027982 0.009371 -0.049090 -0.294383 
1.046170 0.009094 -0.054684 -0.321335 
1.063839 0.008835 -0.060609 -0.349841 
1.081023 0.008592 -0.066873 -0.379943 
1.097750 0.008364 -0.073489 -0.411686 
1.114049 0.008150 -0.080466 -0.445112 
1.129946 0.007949 -0.087817 -0.480267 
1.145466 0.007760 -0.095552 -0.517195 
1.160631 0.007583 -0.103684 -0.555942 
1.175464 0.007416 -0.112226 -0.596555 
1.189985 0.007260 -0.121193 -0.639082 
1.204214 0.007114 -0.130597 -0.683570 
1.218170 0.006978 -0.140457 -0.730070 
1.231871 0.006851 -0.150787 -0.778634 
1.245337 0.006733 -0.161608 -0.829314 
1.258583 0.006623 -0.172939 -0.882167 
1.271629 0.006523 -0.184802 -0.937250 
1.284491 0.006431 -0.197221 -0.994624 
1.297188 0.006349 -0.210224 -1.054355 
1.309738 0.006275 -0.223841 -1.116510 
1.322160 0.006211 -0.238107 -1.181165 
1.334474 0.006157 -0.253061 -1.248398 
1.346701 0.006113 -0.268747 -1.318299 
1.358863 0.006081 -0.285218 -1.390964 
1.370986 0.006062 -0.302534 -1.466502 
1.383098 0.006056 -0.320767 -1.545038 
1.395231 0.006067 -0.340004 -1.626714 
1.407423 0.006096 -0.360351 -1.711698 
1.419718 0.006148 -0.381937 -1.800192 
1.432172 0.006227 -0.404927 -1.892443 
1.444855 0.006341 -0.429534 -1.988766 
1.457857 0.006501 -0.456046 -2.089567 
1.471306 0.006725 -0.484858 -2.195404 
1.485385 0.007039 -0.516551 -2.307074 
1.500377 0.007496 -0.552032 -2.425801 
1.516776 0.008199 -0.592866 -2.553641 
1.535568 0.009396 -0.642196 -2.694560 
1.553548 0.008990 -0.691799 -2.820174 
1.569634 0.008043 -0.738003 -2.921567 
1.585758 0.008062 -0.785850 -3.009569 
1.600604 0.007423 -0.831050 -3.075800 
1.614503 0.006950 -0.874155 -3.122753 
1.627734 0.006616 -0.915693 -3.152222 
1.640484 0.006375 -0.955990 -3.165275 
1.652127 0.005821 -0.992851 -3.163206 
1.662726 0.005300 -1.026320 -3.149258 
1.672603 0.004939 -1.057323 -3.125712 
1.681958 0.004677 -1.086424 -3.094002 
1.690923 0.004483 -1.113997 -3.055109 
1.699597 0.004337 -1.140308 -3.009739 
1.708055 0.004229 -1.165556 -2.958411 
1.716361 0.004153 -1.189900 -2.901510 
1.724569 0.004104 -1.213466 -2.839314 
1.732730 0.004080 -1.236366 -2.772013 
1.740891 0.004080 -1.258698 -2.699703 
1.749102 0.004106 -1.280555 -2.622393 
1.757421 0.004159 -1.302030 -2.539978 
1.765911 0.004245 -1.323226 -2.452208 
1.774654 0.004372 -1.344261 -2.358620 
1.783765 0.004555 -1.365295 -2.258408 
1.793414 0.004824 -1.386566 -2.150130 
1.803901 0.005244 -1.408492 -2.030980 
1.815887 0.005993 -1.432017 -1.894307 
1.831874 0.007993 -1.460851 -1.713704 
1.843260 0.005693 -1.479641 -1.587824 
1.853674 0.005207 -1.495589 -1.475608 
1.864194 0.005260 -1.510530 -1.365723 
1.873862 0.004834 -1.523258 -1.268258 
1.883002 0.004570 -1.534440 -1.179509 
1.891795 0.004396 -1.544447 -1.097430 
1.900347 0.004276 -1.553502 -1.020834 
1.908728 0.004190 -1.561752 -0.948941 
1.916988 0.004130 -1.569308 -0.881197 
1.925166 0.004089 -1.576249 -0.817189 
1.933292 0.004063 -1.582641 -0.756590 
1.941392 0.004050 -1.588533 -0.699140 
1.949486 0.004047 -1.593969 -0.644620 
1.957595 0.004054 -1.598983 -0.592846 
1.965734 0.004070 -1.603605 -0.543661 
1.973920 0.004093 -1.607862 -0.496924 
1.982168 0.004124 -1.611774 -0.452512 
1.990491 0.004161 -1.615362 -0.410315 
1.998902 0.004206 -1.618642 -0.370231 
2.007416 0.004257 -1.621630 -0.332168 
2.016045 0.004314 -1.624337 -0.296041 
2.024802 0.004379 -1.626777 -0.261769 
2.033701 0.004449 -1.628959 -0.229278 
2.042755 0.004527 -1.630894 -0.198499 
2.051980 0.004612 -1.632588 -0.169364 
2.061389 0.004704 -1.634049 -0.141809 
2.070998 0.004805 -1.635284 -0.115775 
2.080823 0.004913 -1.636299 -0.091203 
2.090883 0.005030 -1.637097 -0.068037 
2.101194 0.005156 -1.637684 -0.046221 
2.111778 0.005292 -1.638062 -0.025705 
2.122655 0.005438 -1.638234 -0.006436 
2.133848 0.005597 -1.638203 0.011636 
2.145382 0.005767 -1.637968 0.028559 
2.157285 0.005951 -1.637532 0.044382 
2.169586 0.006151 -1.636893 0.059152 
2.182319 0.006366 -1.636050 0.072914 
2.195519 0.006600 -1.635000 0.085716 
2.209226 0.006854 -1.633742 0.097601 
2.223487 0.007130 -1.632269 0.108616 
2.238350 0.007432 -1.630577 0.118804 
2.253872 0.007761 -1.628657 0.128210 
2.270118 0.008123 -1.626501 0.136879 
2.287161 0.008521 -1.624098 0.144854 
2.305084 0.008962 -1.621434 0.152182 
2.323985 0.009450 -1.618492 0.158906 
2.343975 0.009995 -1.615251 0.165073 
2.365188 0.010607 -1.611687 0.170730 
2.387782 0.011297 -1.607769 0.175925 
2.411944 0.012081 -1.603458 0.180709 
2.437907 0.012981 -1.598707 0.185134 
2.465955 0.014024 -1.593454 0.189260 
2.496453 0.015249 -1.587621 0.193148 
2.529872 0.016709 -1.581102 0.196870 
2.566852 0.018490 -1.573752 0.200512 
2.608304 0.020726 -1.565363 0.204183 
2.655630 0.023663 -1.555607 0.208030 
2.711279 0.027824 -1.543910 0.212294 
2.780639 0.034680 -1.529005 0.217461 
2.885572 0.052466 -1.505774 0.225400 
2.965261 0.039845 -1.487563 0.231757 
3.045376 0.040057 -1.468728 0.238587 
3.119042 0.036833 -1.450908 0.245349 
3.189011 0.034985 -1.433503 0.252279 
3.256503 0.033746 -1.416237 0.259506 
3.322007 0.032752 -1.398995 0.267105 
3.385763 0.031878 -1.381715 0.275130 
3.447909 0.031073 -1.364358 0.283636 
3.508538 0.030315 -1.346893 0.292675 
3.567723 0.029593 -1.329293 0.302305 
3.625531 0.028904 -1.311527 0.312592 
3.682025 0.028247 -1.293563 0.323609 
3.737272 0.027624 -1.275366 0.335445 
3.791349 0.027038 -1.256890 0.348200 
3.844337 0.026494 -1.238083 0.361999 
3.896337 0.026000 -1.218879 0.376991 
3.947464 0.025564 -1.199197 0.393364 
3.997867 0.025202 -1.178930 0.411356 
4.047739 0.024936 -1.157932 0.431282 
4.097344 0.024803 -1.136002 0.453580 
4.147079 0.024867 -1.112834 0.478884 
4.197596 0.025258 -1.087927 0.508214 
4.247019 0.024712 -1.062023 0.541192 
4.293361 0.023171 -1.036147 0.576794 
4.336763 0.021701 -1.010309 0.615131 
4.377452 0.020345 -0.984469 0.656385 
4.415645 0.019096 -0.958581 0.700754 
4.451538 0.017947 -0.932601 0.748441 
4.485313 0.016887 -0.906486 0.799660 
4.512535 0.013611 -0.884101 0.846240 
4.537334 0.012400 -0.862545 0.893472 
4.562305 0.012486 -0.839591 0.946362 
4.585110 0.011402 -0.817413 1.000026 
4.606086 0.010488 -0.795878 1.054555 
4.625535 0.009724 -0.774840 1.110135 
4.643682 0.009074 -0.754191 1.166907 
4.660702 0.008510 -0.733846 1.224981 
4.676734 0.008016 -0.713740 1.284446 
4.691891 0.007578 -0.693819 1.345379 
4.706265 0.007187 -0.674040 1.407844 
4.719936 0.006835 -0.654364 1.471899 
4.732970 0.006517 -0.634759 1.537596 
4.745424 0.006227 -0.615197 1.604983 
4.757349 0.005963 -0.595652 1.674104 
4.768789 0.005720 -0.576102 1.745000 
4.779782 0.005496 -0.556526 1.817709 
4.790362 0.005290 -0.536906 1.892269 
4.800561 0.005099 -0.517223 1.968714 
4.810405 0.004922 -0.497462 2.047079 
4.819921 0.004758 -0.477606 2.127397 
4.829130 0.004605 -0.457640 2.209699 
4.838054 0.004462 -0.437550 2.294014 
4.846711 0.004329 -0.417322 2.380374 
4.855119 0.004204 -0.396941 2.468805 
4.863294 0.004087 -0.376394 2.559337 
4.871250 0.003978 -0.355667 2.651995 
4.879002 0.003876 -0.334746 2.746805 
4.886562 0.003780 -0.313617 2.843793 
4.893943 0.003690 -0.292266 2.942981 
4.901156 0.003606 -0.270678 3.044393 
4.908211 0.003527 -0.248838 3.148050 
4.915118 0.003454 -0.226731 3.253972 
4.921888 0.003385 -0.204341 3.362177 
4.928529 0.003320 -0.181649 3.472682 
4.935049 0.003260 -0.158640 3.585501 
4.941459 0.003205 -0.135294 3.700647 
4.947765 0.003153 -0.111590 3.818128 
4.953975 0.003105 -0.087509 3.937951 
4.960098 0.003061 -0.063028 4.060117 
4.966140 0.003021 -0.038122 4.184624 
4.972110 0.002985 -0.012766 4.311463 
4.978014 0.002952 0.013067 4.440619 
4.983859 0.002923 0.039408 4.572066 
4.989654 0.002897 0.066287 4.705772 
4.995406 0.002876 0.093741 4.841687 
5.001121 0.002858 0.121805 4.979750 
5.006808 0.002843 0.150520 5.119875 
5.012474 0.002833 0.179929 5.261954 
5.018126 0.002826 0.210078 5.405846 
5.023773 0.002824 0.241014 5.551369 
5.029422 0.002825 0.272789 5.698288 
5.035081 0.002829 0.305454 5.846303 
5.040757 0.002838 0.339059 5.995026 
5.046456 0.002850 0.373650 6.143962 
5.052183 0.002864 0.409265 6.292477 
5.057942 0.002879 0.445923 6.439764 
5.063730 0.002894 0.483621 6.584815 
5.069543 0.002907 0.522315 6.726383 
5.075370 0.002913 0.561911 6.862982 
5.081192 0.002911 0.602248 6.992905 
5.086982 0.002895 0.643100 7.114319 
5.092710 0.002864 0.684176 7.225402 
5.098342 0.002816 0.725152 7.324539 
5.103845 0.002752 0.765707 7.410495 
5.109196 0.002675 0.805558 7.482524 
5.114378 0.002591 0.844490 7.540375 
5.119385 0.002504 0.882363 7.584209 
5.124218 0.002417 0.919101 7.614484 
5.128886 0.002334 0.954688 7.631832 
5.133398 0.002256 0.989139 7.636961 
5.137767 0.002185 1.022498 7.630597 
5.142006 0.002120 1.054819 7.613436 
5.146130 0.002062 1.086164 7.586128 
5.150151 0.002010 1.116596 7.549267 
5.154080 0.001965 1.146177 7.503385 
5.157931 0.001925 1.174968 7.448960 
5.161713 0.001891 1.203025 7.386412 
5.165436 0.001862 1.230401 7.316112 
5.169111 0.001837 1.257148 7.238381 
5.172746 0.001818 1.283311 7.153497 
5.176351 0.001802 1.308936 7.061696 
5.179934 0.001792 1.334066 6.963170 
5.183505 0.001785 1.358742 6.858071 
5.187071 0.001783 1.383004 6.746508 
5.190642 0.001786 1.406891 6.628543 
5.194229 0.001793 1.430446 6.504187 
5.197842 0.001806 1.453710 6.373391 
5.201493 0.001825 1.476729 6.236034 
5.205195 0.001851 1.499554 6.091903 
5.208966 0.001886 1.522244 5.940662 
5.212826 0.001930 1.544870 5.781806 
5.216802 0.001988 1.567523 5.614582 
5.220927 0.002063 1.590324 5.437847 
5.225255 0.002164 1.613453 5.249802 
5.229866 0.002306 1.637195 5.047416 
5.234907 0.002520 1.662077 4.824948 
5.240709 0.002901 1.689329 4.568848 
5.248618 0.003954 1.724089 4.222870 
5.254003 0.002693 1.746204 3.991187 
5.258906 0.002451 1.765261 3.784129 
5.263851 0.002473 1.783467 3.579781 
5.268396 0.002272 1.799318 3.396559 
5.272680 0.002142 1.813504 3.228296 
5.276783 0.002052 1.826429 3.071402 
5.280756 0.001986 1.838334 2.923775 
5.284629 0.001936 1.849385 2.784039 
5.288424 0.001898 1.859697 2.651220 
5.292159 0.001868 1.869361 2.524590 
5.295847 0.001844 1.878447 2.403585 
5.299499 0.001826 1.887010 2.287756 
5.303123 0.001812 1.895098 2.176730 
5.306726 0.001802 1.902749 2.070200 
5.310317 0.001795 1.909996 1.967900 
5.313899 0.001791 1.916868 1.869603 
5.317479 0.001790 1.923390 1.775109 
5.321061 0.001791 1.929584 1.684241 
5.324649 0.001794 1.935469 1.596840 
5.328247 0.001799 1.941062 1.512764 
5.331860 0.001806 1.946380 1.431883 
5.335490 0.001815 1.951435 1.354077 
5.339142 0.001826 1.956241 1.279235 
5.342818 0.001838 1.960810 1.207256 
5.346522 0.001852 1.965152 1.138044 
5.350256 0.001867 1.969276 1.071510 
5.354025 0.001885 1.973193 1.007569 
5.357832 0.001903 1.976910 0.946142 
5.361679 0.001924 1.980435 0.887152 
5.365570 0.001945 1.983775 0.830526 
5.369508 0.001969 1.986937 0.776197 
5.373496 0.001994 1.989928 0.724097 
5.377539 0.002021 1.992752 0.674163 
5.381639 0.002050 1.995417 0.626332 
5.385800 0.002081 1.997927 0.580546 
5.390026 0.002113 2.000286 0.536746 
5.394322 0.002148 2.002500 0.494877 
5.398690 0.002184 2.004573 0.454884 
5.403135 0.002223 2.006509 0.416713 
5.407663 0.002264 2.008312 0.380313 
5.412277 0.002307 2.009986 0.345634 
5.416983 0.002353 2.011533 0.312624 
5.421786 0.002402 2.012958 0.281237 
5.426692 0.002453 2.014263 0.251423 
5.431707 0.002507 2.015452 0.223136 
5.436837 0.002565 2.016526 0.196330 
5.442089 0.002626 2.017489 0.170959 
5.447471 0.002691 2.018344 0.146978 
5.452990 0.002760 2.019091 0.124344 
5.458656 0.002833 2.019734 0.103011 
5.464477 0.002910 2.020274 0.082938 
5.470463 0.002993 2.020712 0.064082 
5.476625 0.003081 2.021052 0.046400 
5.482975 0.003175 2.021292 0.029850 
5.489526 0.003276 2.021436 0.014392 
5.496293 0.003383 2.021483 -0.000017 
5.503290 0.003499 2.021435 -0.013416 
5.510535 0.003622 2.021292 -0.025847 
5.518046 0.003756 2.021053 -0.037348 
5.525846 0.003900 2.020719 -0.047960 
5.533956 0.004055 2.020289 -0.057723 
5.542404 0.004224 2.019762 -0.066676 
5.551220 0.004408 2.019137 -0.074858 
5.560435 0.004608 2.018412 -0.082307 
5.570088 0.004827 2.017584 -0.089063 
5.580223 0.005067 2.016649 -0.095163 
5.590888 0.005333 2.015603 -0.100646 
5.602141 0.005626 2.014442 -0.105551 
5.614048 0.005954 2.013158 -0.109914 
5.626687 0.006319 2.011743 -0.113775 
5.640150 0.006731 2.010188 -0.117170 
5.654546 0.007198 2.008478 -0.120137 
5.670008 0.007731 2.006600 -0.122715 
5.686695 0.008344 2.004532 -0.124940 
5.704808 0.009056 2.002251 -0.126852 
5.724594 0.009893 1.999724 -0.128487 
5.746370 0.010888 1.996910 -0.129884 
5.770549 0.012089 1.993754 -0.131084 
5.797679 0.013565 1.990182 -0.132128 
5.828511 0.015416 1.986093 -0.133059 
5.864116 0.017802 1.981339 -0.133924 
5.906089 0.020986 1.975700 -0.134780 
5.956985 0.025448 1.968816 -0.135697 
6.021403 0.032209 1.960039 -0.136780 
6.109809 0.044203 1.947882 -0.138238 
6.250519 0.070355 1.928266 -0.140615 
6.369189 0.059335 1.911457 -0.142708 
6.487714 0.059263 1.894414 -0.144899 
6.603138 0.057712 1.877562 -0.147138 
6.716430 0.056646 1.860764 -0.149444 
6.828006 0.055788 1.843958 -0.151831 
6.937883 0.054938 1.827142 -0.154304 
7.046021 0.054069 1.810319 -0.156865 
7.152395 0.053187 1.793494 -0.159519 
7.256986 0.052296 1.776667 -0.162272 
7.359780 0.051397 1.759842 -0.165127 
7.460765 0.050492 1.743020 -0.168091 
7.559930 0.049583 1.726201 -0.171169 
7.657269 0.048669 1.709386 -0.174367 
7.752776 0.047754 1.692577 -0.177693 
7.846449 0.046836 1.675772 -0.181153 
7.938286 0.045919 1.658973 -0.184756 
8.028290 0.045002 1.642178 -0.188510 
8.116464 0.044087 1.625387 -0.192424 
8.202815 0.043175 1.608598 -0.196508 
8.287349 0.042267 1.591809 -0.200773 
8.370078 0.041365 1.575018 -0.205232 
8.451014 0.040468 1.558222 -0.209896 
8.530170 0.039578 1.541417 -0.214781 
8.607564 0.038697 1.524600 -0.219901 
8.683213 0.037824 1.507766 -0.225274 
8.757137 0.036962 1.490908 -0.230918 
8.829361 0.036112 1.474020 -0.236854 
8.899908 0.035274 1.457094 -0.243105 
8.968806 0.034449 1.440122 -0.249697 
9.036085 0.033639 1.423093 -0.256656 
9.101775 0.032845 1.405997 -0.264016 
9.165913 0.032069 1.388819 -0.271811 
9.228536 0.031311 1.371544 -0.280082 
9.289684 0.030574 1.354154 -0.288874 
9.349403 0.029860 1.336629 -0.298238 
9.407742 0.029169 1.318946 -0.308235 
9.464755 0.028506 1.301075 -0.318933 
9.520501 0.027873 1.282983 -0.330412 
9.575048 0.027274 1.264631 -0.342767 
9.628474 0.026713 1.245971 -0.356113 
9.680870 0.026198 1.226942 -0.370585 
9.732343 0.025737 1.207472 -0.386355 
9.783027 0.025342 1.187464 -0.403638 
9.833092 0.025033 1.166792 -0.422712 
9.882769 0.024838 1.145281 -0.443956 
9.932389 0.024810 1.122676 -0.467910 
9.982474 0.025042 1.098575 -0.495398 
10.033191 0.025358 1.072669 -0.527326 
10.080811 0.023810 1.046764 -0.561857 
10.125392 0.022291 1.020915 -0.599050 
10.167168 0.020888 0.995082 -0.639083 
10.206361 0.019596 0.969219 -0.682149 
10.243176 0.018407 0.943282 -0.728448 
10.277799 0.017312 0.917228 -0.778191 
10.306353 0.014277 0.894364 -0.824576 
10.332216 0.012931 0.872448 -0.871483 
10.355899 0.011842 0.851258 -0.919144 
10.379723 0.011912 0.828744 -0.972293 
10.401595 0.010936 0.806901 -1.026346 
10.421798 0.010101 0.785623 -1.081364 
10.440591 0.009396 0.764785 -1.137507 
10.458173 0.008791 0.744292 -1.194897 
10.474698 0.008263 0.724071 -1.253635 
10.490293 0.007797 0.704061 -1.313803 
10.505060 0.007383 0.684214 -1.375472 
10.519084 0.007012 0.664489 -1.438701 
10.532438 0.006677 0.644851 -1.503546 
10.545184 0.006373 0.625270 -1.570057 
10.557376 0.006096 0.605719 -1.638279 
10.569061 0.005842 0.586174 -1.708256 
10.580279 0.005609 0.566614 -1.780026 
10.591068 0.005394 0.547019 -1.853628 
10.601460 0.005196 0.527371 -1.929098 
10.611483 0.005012 0.507652 -2.006470 
10.621166 0.004841 0.487847 -2.085778 
10.630530 0.004682 0.467939 -2.167054 
10.639598 0.004534 0.447915 -2.250328 
10.648391 0.004396 0.427760 -2.335631 
10.656925 0.004267 0.407459 -2.422992 
10.665218 0.004146 0.387000 -2.512438 
10.673285 0.004034 0.366367 -2.603998 
10.681140 0.003928 0.345548 -2.697696 
10.688798 0.003829 0.324528 -2.793559 
10.696270 0.003736 0.303293 -2.891611 
10.703567 0.003649 0.281829 -2.991875 
10.710702 0.003567 0.260121 -3.094373 
10.717684 0.003491 0.238153 -3.199125 
10.724524 0.003420 0.215911 -3.306152 
10.731230 0.003353 0.193377 -3.415470 
10.737811 0.003291 0.170534 -3.527096 
10.744277 0.003233 0.147363 -3.641042 
10.750635 0.003179 0.123846 -3.757319 
10.756894 0.003129 0.099962 -3.875935 
10.763061 0.003083 0.075690 -3.996894 
10.769144 0.003041 0.051006 -4.120196 
10.775150 0.003003 0.025885 -4.245835 
10.781087 0.002968 0.000301 -4.373800 
10.786962 0.002937 -0.025774 -4.504070 
10.792782 0.002910 -0.052372 -4.636618 
10.798555 0.002886 -0.079525 -4.771402 
10.804288 0.002866 -0.107270 -4.908367 
10.809988 0.002850 -0.135645 -5.047442 
10.815664 0.002838 -0.164691 -5.188530 
10.821322 0.002829 -0.194452 -5.331508 
10.826971 0.002824 -0.224977 -5.476217 
10.832618 0.002824 -0.256314 -5.622450 
10.838271 0.002827 -0.288514 -5.769942 
10.843937 0.002833 -0.321628 -5.918355 
10.849624 0.002843 -0.355706 -6.067251 
10.855336 0.002856 -0.390789 -6.216072 
10.861078 0.002871 -0.426909 -6.364104 
10.866851 0.002887 -0.464074 -6.510447 
10.872653 0.002901 -0.502263 -6.653980 
10.878474 0.002911 -0.541410 -6.793339 
10.884301 0.002914 -0.581390 -6.926924 
10.890112 0.002905 -0.622009 -7.052954 
10.895876 0.002882 -0.663008 -7.169578 
10.901562 0.002843 -0.704077 -7.275051 
10.907135 0.002787 -0.744888 -7.367922 
10.912567 0.002716 -0.785133 -7.447186 
10.917837 0.002635 -0.824561 -7.512344 
10.922934 0.002549 -0.862992 -7.563356 
10.927857 0.002461 -0.900320 -7.600546 
10.932608 0.002376 -0.936500 -7.624467 
10.937199 0.002295 -0.971532 -7.635800 
10.941640 0.002220 -1.005447 -7.635267 
10.945944 0.002152 -1.038296 -7.623583 
10.950126 0.002091 -1.070135 -7.601424 
10.954198 0.002036 -1.101030 -7.569414 
10.958173 0.001988 -1.131041 -7.528115 
10.962063 0.001945 -1.160232 -7.478035 
10.965879 0.001908 -1.188660 -7.419622 
10.969631 0.001876 -1.216381 -7.353272 
10.973330 0.001849 -1.243446 -7.279331 
10.976985 0.001827 -1.269904 -7.198100 
10.980604 0.001810 -1.295801 -7.109836 
10.984197 0.001797 -1.321181 -7.014752 
10.987773 0.001788 -1.346085 -6.913023 
10.991340 0.001784 -1.370555 -6.804779 
10.994908 0.001784 -1.394631 -6.690107 
10.998486 0.001789 -1.418352 -6.569045 
11.002084 0.001799 -1.441760 -6.441576 
11.005713 0.001815 -1.464899 -6.307619 
11.009387 0.001837 -1.487817 -6.167011 
11.013121 0.001867 -1.510569 -6.019484 
11.016932 0.001906 -1.533218 -5.864627 
11.020844 0.001956 -1.555844 -5.701827 
11.024887 0.002021 -1.578551 -5.530166 
11.029103 0.002108 -1.601484 -5.348228 
11.033555 0.002226 -1.624864 -5.153722 
11.038350 0.002397 -1.649068 -4.942595 
11.043696 0.002673 -1.674859 -4.706466 
11.050173 0.003239 -1.704418 -4.421360 
11.055664 0.002745 -1.728037 -4.182183 
11.061010 0.002673 -1.749781 -3.952854 
11.065838 0.002414 -1.768370 -3.749692 
11.070701 0.002432 -1.786116 -3.549515 
11.075196 0.002248 -1.801664 -3.369015 
11.079447 0.002125 -1.815629 -3.202741 
11.083527 0.002040 -1.828379 -3.047431 
11.087482 0.001977 -1.840139 -2.901133 
11.091341 0.001930 -1.851066 -2.762551 
11.095126 0.001892 -1.861270 -2.630756 
11.098853 0.001863 -1.870839 -2.505052 
11.102534 0.001841 -1.879838 -2.384895 
11.106181 0.001823 -1.888323 -2.269849 
11.109801 0.001810 -1.896339 -2.159556 
11.113403 0.001801 -1.903924 -2.053712 
11.116991 0.001794 -1.911110 -1.952061 
11.120573 0.001791 -1.917925 -1.854380 
11.124153 0.001790 -1.924393 -1.760471 
11.127735 0.001791 -1.930537 -1.670163 
11.131325 0.001795 -1.936375 -1.583299 
11.134925 0.001800 -1.941923 -1.499737 
11.138541 0.001808 -1.947198 -1.419351 
11.142174 0.001817 -1.952213 -1.342021 
11.145829 0.001828 -1.956981 -1.267640 
11.149509 0.001840 -1.961513 -1.196106 
11.153218 0.001854 -1.965820 -1.127324 
11.156958 0.001870 -1.969911 -1.061207 
11.160733 0.001887 -1.973795 -0.997669 
11.164545 0.001906 -1.977481 -0.936633 
11.168399 0.001927 -1.980976 -0.878022 
11.172297 0.001949 -1.984288 -0.821766 
11.176243 0.001973 -1.987422 -0.767794 
11.180240 0.001998 -1.990386 -0.716041 
11.184291 0.002026 -1.993185 -0.666444 
11.188401 0.002055 -1.995825 -0.618942 
11.192572 0.002086 -1.998311 -0.573474 
11.196809 0.002118 -2.000647 -0.529984 
11.201115 0.002153 -2.002838 -0.488416 
11.205496 0.002190 -2.004889 -0.448715 
11.209954 0.002229 -2.006804 -0.410828 
11.214495 0.002270 -2.008586 -0.374704 
11.219123 0.002314 -2.010239 -0.340292 
11.223844 0.002361 -2.011767 -0.307543 
11.228663 0.002410 -2.013173 -0.276408 
11.233586 0.002461 -2.014459 -0.246840 
11.238619 0.002516 -2.015630 -0.218790 
11.243767 0.002574 -2.016686 -0.192215 
11.249040 0.002636 -2.017632 -0.167067 
11.254443 0.002702 -2.018469 -0.143303 
11.259985 0.002771 -2.019200 -0.120877 
11.265674 0.002845 -2.019826 -0.099748 
11.271520 0.002923 -2.020350 -0.079870 
11.277534 0.003007 -2.020773 -0.061203 
11.283725 0.003096 -2.021096 -0.043703 
11.290106 0.003191 -2.021322 -0.027329 
11.296690 0.003292 -2.021450 -0.012039 
11.303492 0.003401 -2.021482 0.002207 
11.310527 0.003518 -2.021419 0.015450 
11.317813 0.003643 -2.021260 0.027730 
11.325369 0.003778 -2.021007 0.039088 
11.333216 0.003924 -2.020657 0.049563 
11.341378 0.004081 -2.020212 0.059195 
11.349882 0.004252 -2.019670 0.068023 
11.358759 0.004438 -2.019029 0.076086 
11.368041 0.004641 -2.018288 0.083423 
11.377768 0.004863 -2.017443 0.090072 
11.387983 0.005108 -2.016491 0.096072 
11.398737 0.005377 -2.015427 0.101461 
11.410089 0.005676 -2.014247 0.106277 
11.422107 0.006009 -2.012943 0.110559 
11.434870 0.006381 -2.011507 0.114343 
11.448472 0.006801 -2.009928 0.117668 
11.463028 0.007278 -2.008193 0.120571 
11.478672 0.007822 -2.006286 0.123090 
11.495571 0.008450 -2.004186 0.125263 
11.513931 0.009180 -2.001868 0.127128 
11.534009 0.010039 -1.999298 0.128723 
11.556135 0.011063 -1.996434 0.130087 
11.580741 0.012303 -1.993218 0.131259 
11.608401 0.013830 -1.989572 0.132282 
11.639909 0.015754 -1.985389 0.133199 
11.676398 0.018245 -1.980512 0.134059 
11.719580 0.021591 -1.974704 0.134919 
11.772233 0.026327 -1.967575 0.135854 
11.839487 0.033627 -1.958400 0.136978 
11.933771 0.047142 -1.945412 0.138534 
12.068508 0.067368 -1.926594 0.140820 
12.186937 0.059215 -1.909794 0.142919 
12.305271 0.059167 -1.892754 0.145116 
12.420530 0.057630 -1.875901 0.147362 
12.533659 0.056564 -1.859101 0.149677 
12.645067 0.055704 -1.842294 0.152072 
12.754772 0.054852 -1.825477 0.154553 
12.862736 0.053982 -1.808654 0.157123 
12.968934 0.053099 -1.791828 0.159787 
13.073349 0.052207 -1.775002 0.162550 
13.175964 0.051308 -1.758177 0.165415 
13.276769 0.050402 -1.741355 0.168390 
13.375754 0.049492 -1.724536 0.171480 
13.472912 0.048579 -1.707722 0.174690 
13.568237 0.047663 -1.690913 0.178029 
13.661728 0.046745 -1.674109 0.181503 
13.753384 0.045828 -1.657311 0.185120 
13.843206 0.044911 -1.640516 0.188890 
13.931200 0.043997 -1.623725 0.192820 
14.017370 0.043085 -1.606936 0.196922 
14.101726 0.042178 -1.590147 0.201206 
14.184276 0.041275 -1.573356 0.205684 
14.265035 0.040379 -1.556559 0.210370 
14.344016 0.039491 -1.539754 0.215277 
14.421236 0.038610 -1.522935 0.220421 
14.496714 0.037739 -1.506098 0.225820 
14.570469 0.036878 -1.489238 0.231492 
14.642526 0.036028 -1.472346 0.237459 
14.712908 0.035191 -1.455416 0.243742 
14.781645 0.034368 -1.438439 0.250368 
14.848764 0.033560 -1.421405 0.257366 
14.914300 0.032768 -1.404300 0.264767 
14.978286 0.031993 -1.387113 0.272608 
15.040761 0.031237 -1.369828 0.280928 
15.101766 0.030503 -1.352426 0.289774 
15.161346 0.029790 -1.334887 0.299198 
15.219551 0.029103 -1.317186 0.309261 
15.276435 0.028442 -1.299294 0.320033 
15.332060 0.027812 -1.281179 0.331594 
15.386492 0.027216 -1.262799 0.344042 
15.439813 0.026660 -1.244105 0.357492 
15.492112 0.026150 -1.225036 0.372085 
15.543500 0.025694 -1.205518 0.387994 
15.594114 0.025307 -1.185450 0.405440 
15.644129 0.025008 -1.164704 0.424710 
15.693784 0.024827 -1.143098 0.446196 
15.743423 0.024819 -1.120366 0.470456 
15.793594 0.025086 -1.096085 0.498357 
15.844004 0.025205 -1.070181 0.530527 
15.891322 0.023659 -1.044284 0.565305 
15.935624 0.022151 -1.018438 0.602762 
15.977143 0.020760 -0.992604 0.643078 
16.016099 0.019478 -0.966736 0.686445 
16.052696 0.018298 -0.940790 0.733065 
16.087118 0.017211 -0.914722 0.783149 
16.115345 0.014114 -0.891979 0.829564 
16.140954 0.012804 -0.870150 0.876542 
16.166763 0.012905 -0.846865 0.929311 
16.190237 0.011737 -0.824439 0.982752 
16.211762 0.010762 -0.802716 1.036982 
16.231672 0.009955 -0.781532 1.092209 
16.250215 0.009271 -0.760769 1.148585 
16.267579 0.008682 -0.740334 1.206231 
16.283915 0.008168 -0.720158 1.265242 
16.299341 0.007713 -0.700183 1.325697 
16.313956 0.007308 -0.680363 1.387665 
16.327845 0.006944 -0.660657 1.451205 
16.341076 0.006616 -0.641033 1.516371 
16.353710 0.006317 -0.621460 1.583212 
16.365800 0.006045 -0.601912 1.651772 
16.377391 0.005795 -0.582366 1.722095 
16.388522 0.005566 -0.562801 1.794219 
16.399231 0.005354 -0.543197 1.868182 
16.409549 0.005159 -0.523536 1.944020 
16.419504 0.004978 -0.503802 2.021767 
16.429123 0.004809 -0.483977 2.101456 
16.438428 0.004653 -0.464048 2.183118 
16.447441 0.004507 -0.444000 2.266785 
16.456182 0.004370 -0.423817 2.352487 
16.464668 0.004243 -0.403487 2.440252 
16.472916 0.004124 -0.382994 2.530108 
16.480940 0.004012 -0.362327 2.622082 
16.488756 0.003908 -0.341469 2.716200 
16.496376 0.003810 -0.320408 2.812487 
16.503813 0.003718 -0.299130 2.910968 
16.511079 0.003633 -0.277620 3.011666 
16.518183 0.003552 -0.255862 3.114601 
16.525136 0.003477 -0.233843 3.219796 
16.531949 0.003406 -0.211545 3.327267 
16.538630 0.003341 -0.188952 3.437034 
16.545189 0.003279 -0.166046 3.549110 
16.551633 0.003222 -0.142810 3.663510 
16.557971 0.003169 -0.119223 3.780242 
16.564211 0.003120 -0.095265 3.899314 
16.570361 0.003075 -0.070915 4.020730 
16.576429 0.003034 -0.046147 4.144488 
16.582421 0.002996 -0.020939 4.270581 
16.588345 0.002962 0.004739 4.398997 
16.594208 0.002932 0.030913 4.529713 
16.600019 0.002905 0.057617 4.662700 
16.605783 0.002882 0.084882 4.797914 
16.611509 0.002863 0.112747 4.935297 
16.617204 0.002848 0.141249 5.074772 
16.622876 0.002836 0.170431 5.216239 
16.628532 0.002828 0.200337 5.359568 
16.634180 0.002824 0.231016 5.504591 
16.639828 0.002824 0.262517 5.651092 
16.645483 0.002828 0.294891 5.798793 
16.651152 0.002835 0.328190 5.947338 
16.656843 0.002846 0.362460 6.096268 
16.662561 0.002859 0.397743 6.244996 
16.668309 0.002874 0.434066 6.392776 
16.674088 0.002889 0.471434 6.538667 
16.679894 0.002903 0.509817 6.681501 
16.685719 0.002912 0.549138 6.819868 
16.691544 0.002913 0.589259 6.952126 
16.697348 0.002902 0.629975 7.076468 
16.703100 0.002876 0.671013 7.191050 
16.708766 0.002833 0.712057 7.294169 
16.714314 0.002774 0.752780 7.384453 
16.719715 0.002701 0.792884 7.460993 
16.724953 0.002619 0.832130 7.523385 
16.730016 0.002532 0.870352 7.571671 
16.734904 0.002444 0.907459 7.606227 
16.739624 0.002360 0.943414 7.627640 
16.744184 0.002280 0.978225 7.636604 
16.748597 0.002207 1.011928 7.633844 
16.752877 0.002140 1.044575 7.620068 
16.757037 0.002080 1.076226 7.595943 
16.761089 0.002026 1.106943 7.562081 
16.765046 0.001979 1.136790 7.519035 
16.768921 0.001937 1.165828 7.467298 
16.772724 0.001901 1.194114 7.407309 
16.776465 0.001871 1.221703 7.339454 
16.780154 0.001845 1.248646 7.264071 
16.783801 0.001824 1.274991 7.181452 
16.787415 0.001807 1.300784 7.091843 
16.791004 0.001795 1.326068 6.995453 
16.794577 0.001787 1.350885 6.892446 
16.798144 0.001783 1.375275 6.782944 
16.801713 0.001784 1.399278 6.667025 
16.805294 0.001790 1.422935 6.544719 
16.808897 0.001802 1.446287 6.415995 
16.812534 0.001819 1.469379 6.280758 
16.816218 0.001842 1.492261 6.138827 
16.819966 0.001874 1.514987 5.989909 
16.823794 0.001914 1.537625 5.833561 
16.827729 0.001967 1.560257 5.669119 
16.831802 0.002036 1.582995 5.495587 
16.836058 0.002128 1.605994 5.311419 
16.840567 0.002254 1.629498 5.114074 
16.845447 0.002440 1.653932 4.898954 
16.850945 0.002749 1.680198 4.656123 
16.857825 0.003440 1.711189 4.353838 
16.863283 0.002729 1.734305 4.116980 
16.868466 0.002591 1.755066 3.895768 
16.873190 0.002362 1.772999 3.698071 
16.877941 0.002376 1.790105 3.503673 
16.882366 0.002213 1.805217 3.327088 
16.886570 0.002102 1.818857 3.163736 
16.890616 0.002023 1.831347 3.010784 
16.894545 0.001965 1.842891 2.866481 
16.898384 0.001920 1.853631 2.729638 
16.902154 0.001885 1.863672 2.599394 
16.905868 0.001857 1.873095 2.475095 
16.909540 0.001836 1.881964 2.356229 
16.913180 0.001820 1.890330 2.242379 
16.916795 0.001807 1.898237 2.133203 
16.920392 0.001799 1.905721 2.028410 
16.923979 0.001793 1.912814 1.927751 
16.927560 0.001790 1.919542 1.831012 
16.931140 0.001790 1.925929 1.738002 
16.934724 0.001792 1.931996 1.648552 
16.938315 0.001796 1.937761 1.562510 
16.941919 0.001802 1.943241 1.479738 
16.945539 0.001810 1.948451 1.400112 
16.949177 0.001819 1.953405 1.323515 
16.952838 0.001830 1.958114 1.249841 
16.956525 0.001843 1.962589 1.178990 
16.960241 0.001858 1.966842 1.110870 
16.963989 0.001874 1.970882 1.045392 
16.967773 0.001892 1.974717 0.982475 
16.971595 0.001911 1.978355 0.922041 
16.975460 0.001932 1.981805 0.864014 
16.979369 0.001955 1.985072 0.808323 
16.983327 0.001979 1.988165 0.754902 
16.987337 0.002005 1.991088 0.703684 
16.991402 0.002033 1.993847 0.654606 
16.995527 0.002062 1.996449 0.607608 
16.999714 0.002093 1.998897 0.562630 
17.003967 0.002127 2.001197 0.519616 
17.008291 0.002162 2.003354 0.478511 
17.012690 0.002199 2.005371 0.439259 
17.017168 0.002239 2.007253 0.401810 
17.021730 0.002281 2.009003 0.366110 
17.026381 0.002325 2.010625 0.332111 
17.031125 0.002372 2.012123 0.299762 
17.035969 0.002422 2.013499 0.269015 
17.040918 0.002475 2.014757 0.239823 
17.045979 0.002530 2.015899 0.212140 
17.051158 0.002589 2.016929 0.185918 
17.056461 0.002652 2.017847 0.161114 
17.061897 0.002718 2.018658 0.137682 
17.067475 0.002789 2.019363 0.115578 
17.073202 0.002863 2.019964 0.094760 
17.079088 0.002943 2.020463 0.075183 
17.085144 0.003028 2.020861 0.056805 
17.091380 0.003118 2.021161 0.039585 
17.097810 0.003215 2.021362 0.023481 
17.104446 0.003318 2.021467 0.008451 
17.111304 0.003429 2.021475 -0.005545 
17.118399 0.003547 2.021389 -0.018548 
17.125749 0.003675 2.021207 -0.030599 
17.133374 0.003813 2.020930 -0.041737 
17.141296 0.003961 2.020557 -0.052001 
17.149540 0.004122 2.020088 -0.061433 
17.158132 0.004296 2.019522 -0.070069 
17.167105 0.004486 2.018857 -0.077951 
17.176492 0.004694 2.018090 -0.085115 
17.186334 0.004921 2.017219 -0.091602 
17.196677 0.005171 2.016241 -0.097448 
17.207572 0.005448 2.015149 -0.102693 
17.219080 0.005754 2.013939 -0.107375 
17.231273 0.006096 2.012603 -0.111531 
17.244232 0.006480 2.011133 -0.115199 
17.258057 0.006913 2.009517 -0.118417 
17.272866 0.007404 2.007742 -0.121223 
17.288801 0.007968 2.005789 -0.123654 
17.306038 0.008618 2.003639 -0.125748 
17.324792 0.009377 2.001263 -0.127543 
17.345339 0.010273 1.998625 -0.129077 
17.368029 0.011345 1.995681 -0.130390 
17.393323 0.012647 1.992367 -0.131522 
17.421843 0.014260 1.988601 -0.132515 
17.454450 0.016304 1.984265 -0.133413 
17.492392 0.018971 1.979186 -0.134267 
17.537581 0.022594 1.973098 -0.135138 
17.593197 0.027808 1.965555 -0.136106 
17.665394 0.036098 1.955685 -0.137304 
17.771037 0.052822 1.941087 -0.139054 
17.900642 0.064802 1.922924 -0.141273 
18.030036 0.064697 1.904496 -0.143596 
18.147624 0.058794 1.887482 -0.145811 
18.261408 0.056892 1.870765 -0.148062 
18.373788 0.056190 1.853997 -0.150396 
18.484668 0.055440 1.837189 -0.152816 
18.593854 0.054593 1.820368 -0.155324 
18.701287 0.053716 1.803544 -0.157922 
18.806945 0.052829 1.786718 -0.160616 
18.910815 0.051935 1.769892 -0.163409 
19.012881 0.051033 1.753068 -0.166307 
19.113134 0.050127 1.736246 -0.169316 
19.211565 0.049215 1.719429 -0.172442 
19.308167 0.048301 1.702617 -0.175691 
19.402935 0.047384 1.685809 -0.179070 
19.495869 0.046467 1.669007 -0.182586 
19.586967 0.045549 1.652209 -0.186249 
19.676234 0.044633 1.635416 -0.190066 
19.763673 0.043719 1.618626 -0.194047 
19.849291 0.042809 1.601837 -0.198203 
19.933097 0.041903 1.585048 -0.202545 
20.015102 0.041003 1.568255 -0.207085 
20.095320 0.040109 1.551456 -0.211836 
20.173764 0.039222 1.534647 -0.216814 
20.250452 0.038344 1.517823 -0.222033 
20.325405 0.037476 1.500980 -0.227513 
20.398642 0.036618 1.484111 -0.233272 
20.470187 0.035773 1.467209 -0.239332 
20.540067 0.034940 1.450266 -0.245717 
20.608309 0.034121 1.433272 -0.252453 
20.674944 0.033317 1.416218 -0.259570 
20.740005 0.032530 1.399090 -0.267101 
20.803528 0.031761 1.381875 -0.275082 
20.865552 0.031012 1.364556 -0.283557 
20.926119 0.030284 1.347115 -0.292573 
20.985276 0.029579 1.329529 -0.302184 
21.043074 0.028899 1.311773 -0.312454 
21.099569 0.028247 1.293818 -0.323456 
21.154823 0.027627 1.275627 -0.335276 
21.208910 0.027043 1.257157 -0.348015 
21.261909 0.026500 1.238356 -0.361796 
21.313919 0.026005 1.219160 -0.376769 
21.365056 0.025569 1.199486 -0.393119 
21.415468 0.025206 1.179228 -0.411084 
21.465344 0.024938 1.158243 -0.430980 
21.514951 0.024803 1.136328 -0.453238 
21.564680 0.024864 1.113181 -0.478493 
21.615178 0.025249 1.088304 -0.507754 
21.664646 0.024734 1.062400 -0.540694 
21.711033 0.023193 1.036523 -0.576258 
21.754476 0.021721 1.010686 -0.614553 
21.795203 0.020364 0.984846 -0.655763 
21.833431 0.019114 0.958959 -0.700085 
21.869356 0.017963 0.932981 -0.747723 
21.903160 0.016902 0.906868 -0.798889 
21.930427 0.013633 0.884467 -0.845460 
21.955263 0.012418 0.862898 -0.892680 
21.980272 0.012505 0.839929 -0.945563 
22.003107 0.011418 0.817740 -0.999215 
22.024108 0.010500 0.796197 -1.053730 
22.043578 0.009735 0.775153 -1.109293 
22.061743 0.009083 0.754498 -1.166046 
22.078779 0.008518 0.734149 -1.224100 
22.094825 0.008023 0.714040 -1.283544 
22.109994 0.007585 0.694117 -1.344454 
22.124380 0.007193 0.674336 -1.406895 
22.138060 0.006840 0.654659 -1.470926 
22.151103 0.006521 0.635053 -1.536599 
22.163566 0.006231 0.615490 -1.603960 
22.175499 0.005966 0.595945 -1.673054 
22.186945 0.005723 0.576395 -1.743923 
22.197945 0.005500 0.556820 -1.816605 
22.208531 0.005293 0.537201 -1.891136 
22.218735 0.005102 0.517519 -1.967554 
22.228585 0.004925 0.497759 -2.045890 
22.238105 0.004760 0.477905 -2.126178 
22.247319 0.004607 0.457941 -2.208449 
22.256247 0.004464 0.437853 -2.292735 
22.264908 0.004331 0.417626 -2.379063 
22.273320 0.004206 0.397248 -2.467463 
22.281498 0.004089 0.376703 -2.557963 
22.289457 0.003980 0.355979 -2.650589 
22.297212 0.003877 0.335061 -2.745367 
22.304775 0.003782 0.313935 -2.842322 
22.312158 0.003692 0.292588 -2.941477 
22.319373 0.003607 0.271004 -3.042856 
22.326431 0.003529 0.249168 -3.146479 
22.333340 0.003455 0.227065 -3.252366 
22.340112 0.003386 0.204679 -3.360537 
22.346755 0.003321 0.181992 -3.471007 
22.353277 0.003261 0.158988 -3.583792 
22.359688 0.003205 0.135646 -3.698902 
22.365996 0.003154 0.111949 -3.816349 
22.372208 0.003106 0.087873 -3.936136 
22.378331 0.003062 0.063398 -4.058268 
22.384375 0.003022 0.038499 -4.182739 
22.390345 0.002985 0.013150 -4.309544 
22.396250 0.002952 -0.012676 -4.438664 
22.402097 0.002923 -0.039009 -4.570078 
22.407892 0.002898 -0.065880 -4.703750 
22.413644 0.002876 -0.093324 -4.839633 
22.419360 0.002858 -0.121379 -4.977663 
22.425047 0.002844 -0.150084 -5.117758 
22.430713 0.002833 -0.179483 -5.259809 
22.436366 0.002826 -0.209620 -5.403675 
22.442013 0.002824 -0.240544 -5.549175 
22.447662 0.002825 -0.272306 -5.696076 
22.453321 0.002829 -0.304957 -5.844076 
22.458997 0.002838 -0.338548 -5.992793 
22.464695 0.002849 -0.373124 -6.141730 
22.470422 0.002863 -0.408723 -6.290256 
22.476180 0.002879 -0.445365 -6.437569 
22.481968 0.002894 -0.483048 -6.582662 
22.487781 0.002906 -0.521728 -6.724293 
22.493607 0.002913 -0.561311 -6.860978 
22.499429 0.002911 -0.601639 -6.991015 
22.505221 0.002896 -0.642484 -7.112570 
22.510950 0.002865 -0.683559 -7.223821 
22.516583 0.002817 -0.724539 -7.323147 
22.522089 0.002753 -0.765103 -7.409308 
22.527442 0.002677 -0.804966 -7.481549 
22.532626 0.002592 -0.843914 -7.539612 
22.537636 0.002505 -0.881803 -7.583654 
22.542472 0.002418 -0.918559 -7.614128 
22.547142 0.002335 -0.954162 -7.631664 
22.551656 0.002257 -0.988630 -7.636972 
22.556027 0.002186 -1.022005 -7.630775 
22.560268 0.002121 -1.054341 -7.613771 
22.564394 0.002063 -1.085700 -7.586611 
22.568416 0.002011 -1.116145 -7.549888 
22.572347 0.001966 -1.145739 -7.504139 
22.576198 0.001926 -1.174541 -7.449838 
22.579981 0.001891 -1.202609 -7.387409 
22.583705 0.001862 -1.229995 -7.317223 
22.587381 0.001838 -1.256751 -7.239601 
22.591017 0.001818 -1.282923 -7.154823 
22.594622 0.001803 -1.308556 -7.063124 
22.598205 0.001792 -1.333693 -6.964698 
22.601776 0.001785 -1.358375 -6.859697 
22.605342 0.001783 -1.382642 -6.748230 
22.608914 0.001786 -1.406536 -6.630361 
22.612500 0.001793 -1.430095 -6.506101 
22.616112 0.001806 -1.453363 -6.375402 
22.619762 0.001825 -1.476385 -6.238145 
22.623464 0.001851 -1.499213 -6.094118 
22.627234 0.001885 -1.521905 -5.942987 
22.631092 0.001929 -1.544531 -5.784250 
22.635066 0.001987 -1.567182 -5.617159 
22.639189 0.002062 -1.589980 -5.440577 
22.643513 0.002162 -1.613103 -5.252720 
22.648119 0.002303 -1.636832 -5.050582 
22.653152 0.002516 -1.661690 -4.828483 
22.658938 0.002893 -1.688890 -4.573083 
22.666782 0.003922 -1.723408 -4.229859 
22.672182 0.002700 -1.745623 -3.997393 
22.677098 0.002458 -1.764758 -3.789689 
22.682057 0.002480 -1.783041 -3.584642 
22.686610 0.002277 -1.798942 -3.400971 
22.690899 0.002144 -1.813164 -3.232384 
22.695007 0.002054 -1.826116 -3.075233 
22.698982 0.001988 -1.838046 -2.927392 
22.702857 0.001937 -1.849116 -2.787471 
22.706654 0.001899 -1.859446 -2.654487 
22.710390 0.001868 -1.869125 -2.527708 
22.714079 0.001844 -1.878225 -2.406568 
22.717732 0.001826 -1.886801 -2.290613 
22.721356 0.001812 -1.894900 -2.179471 
22.724961 0.001802 -1.902561 -2.072830 
22.728551 0.001795 -1.909818 -1.970427 
22.732134 0.001791 -1.916700 -1.872032 
22.735713 0.001790 -1.923230 -1.777444 
22.739295 0.001791 -1.929432 -1.686487 
22.742883 0.001794 -1.935324 -1.599001 
22.746481 0.001799 -1.940925 -1.514843 
22.750094 0.001806 -1.946249 -1.433882 
22.753723 0.001815 -1.951311 -1.356000 
22.757374 0.001825 -1.956123 -1.281085 
22.761050 0.001838 -1.960698 -1.209035 
22.764753 0.001852 -1.965045 -1.139755 
22.768487 0.001867 -1.969175 -1.073154 
22.772255 0.001884 -1.973097 -1.009149 
22.776060 0.001903 -1.976818 -0.947659 
22.779906 0.001923 -1.980348 -0.888608 
22.783796 0.001945 -1.983693 -0.831924 
22.787733 0.001968 -1.986859 -0.777538 
22.791720 0.001994 -1.989854 -0.725383 
22.795761 0.002021 -1.992683 -0.675395 
22.799860 0.002049 -1.995352 -0.627512 
22.804019 0.002080 -1.997865 -0.581675 
22.808244 0.002112 -2.000229 -0.537826 
22.812537 0.002147 -2.002446 -0.495909 
22.816904 0.002183 -2.004523 -0.455869 
22.821347 0.002222 -2.006462 -0.417653 
22.825873 0.002263 -2.008268 -0.381209 
22.830485 0.002306 -2.009945 -0.346486 
22.835188 0.002352 -2.011496 -0.313436 
22.839989 0.002400 -2.012924 -0.282008 
22.844892 0.002452 -2.014232 -0.252155 
22.849904 0.002506 -2.015423 -0.223830 
22.855031 0.002564 -2.016501 -0.196987 
22.860280 0.002625 -2.017467 -0.171581 
22.865659 0.002689 -2.018324 -0.147566 
22.871174 0.002758 -2.019074 -0.124898 
22.876836 0.002831 -2.019719 -0.103533 
22.882653 0.002908 -2.020261 -0.083429 
22.888634 0.002991 -2.020703 -0.064542 
22.894792 0.003079 -2.021044 -0.046831 
22.901137 0.003173 -2.021288 -0.030254 
22.907683 0.003273 -2.021434 -0.014768 
22.914444 0.003380 -2.021483 -0.000333 
22.921435 0.003496 -2.021437 0.013091 
22.928674 0.003619 -2.021296 0.025545 
22.936178 0.003752 -2.021060 0.037069 
22.943970 0.003896 -2.020729 0.047704 
22.952073 0.004051 -2.020301 0.057488 
22.960512 0.004220 -2.019777 0.066460 
22.969317 0.004403 -2.019154 0.074661 
22.978522 0.004602 -2.018432 0.082128 
22.988164 0.004821 -2.017606 0.088901 
22.998286 0.005061 -2.016674 0.095017 
23.008937 0.005326 -2.015631 0.100515 
23.020175 0.005619 -2.014473 0.105434 
23.032065 0.005945 -2.013192 0.109811 
23.044684 0.006310 -2.011781 0.113683 
23.058125 0.006720 -2.010229 0.117090 
23.072496 0.007186 -2.008523 0.120068 
23.087929 0.007716 -2.006649 0.122655 
23.104583 0.008327 -2.004587 0.124888 
23.122657 0.009037 -2.002311 0.126807 
23.142397 0.009870 -1.999791 0.128449 
23.164118 0.010861 -1.996985 0.129852 
23.188231 0.012056 -1.993838 0.131056 
23.215278 0.013524 -1.990278 0.132103 
23.246006 0.015364 -1.986204 0.133036 
23.281474 0.017734 -1.981469 0.133903 
23.323260 0.020893 -1.975855 0.134758 
23.373888 0.025314 -1.969009 0.135672 
23.437877 0.031995 -1.960292 0.136750 
23.525429 0.043776 -1.948256 0.138193 
23.667375 0.070973 -1.928472 0.140590 
23.786048 0.059337 -1.911666 0.142682 
23.904565 0.059259 -1.894628 0.144871 
24.020004 0.057719 -1.877777 0.147109 
24.133318 0.056657 -1.860979 0.149414 
24.244917 0.055799 -1.844173 0.151800 
24.354815 0.054949 -1.827356 0.154272 
24.462976 0.054080 -1.810534 0.156832 
24.569372 0.053198 -1.793709 0.159485 
24.673987 0.052307 -1.776882 0.162236 
24.776804 0.051409 -1.760057 0.165090 
24.877812 0.050504 -1.743235 0.168052 
24.977000 0.049594 -1.726416 0.171129 
25.074362 0.048681 -1.709601 0.174325 
25.169893 0.047765 -1.692791 0.177649 
25.263589 0.046848 -1.675987 0.181108 
25.355450 0.045930 -1.659188 0.184709 
25.445477 0.045014 -1.642393 0.188461 
25.533674 0.044099 -1.625601 0.192373 
25.620048 0.043187 -1.608812 0.196455 
25.704606 0.042279 -1.592023 0.200718 
25.787358 0.041376 -1.575232 0.205174 
25.868316 0.040479 -1.558436 0.209835 
25.947495 0.039589 -1.541632 0.214717 
26.024911 0.038708 -1.524815 0.219834 
26.100582 0.037836 -1.507981 0.225204 
26.174529 0.036973 -1.491123 0.230844 
26.246774 0.036123 -1.474235 0.236777 
26.317343 0.035284 -1.457310 0.243023 
26.386262 0.034459 -1.440339 0.249610 
26.453560 0.033649 -1.423311 0.256565 
26.519271 0.032855 -1.406216 0.263919 
26.583428 0.032079 -1.389039 0.271709 
26.646070 0.031321 -1.371765 0.279973 
26.707237 0.030584 -1.354377 0.288758 
26.766975 0.029869 -1.336854 0.298115 
26.825331 0.029178 -1.319173 0.308103 
26.882360 0.028514 -1.301304 0.318791 
26.938121 0.027881 -1.283216 0.330260 
26.992684 0.027281 -1.264867 0.342604 
27.046124 0.026720 -1.246211 0.355935 
27.098532 0.026204 -1.227188 0.370393 
27.150016 0.025742 -1.207724 0.386145 
27.200709 0.025346 -1.187724 0.403406 
27.250781 0.025036 -1.167061 0.422455 
27.300461 0.024840 -1.145562 0.443669 
27.350079 0.024809 -1.122973 0.467584 
27.400153 0.025037 -1.098895 0.495020 
27.450910 0.025378 -1.072988 0.526916 
27.498568 0.023829 -1.047083 0.561416 
27.543186 0.022309 -1.021234 0.598575 
27.584995 0.020905 -0.995400 0.638572 
27.624219 0.019612 -0.969538 0.681599 
27.661061 0.018421 -0.943602 0.727857 
27.695711 0.017325 -0.917549 0.777556 
27.724309 0.014299 -0.894668 0.823941 
27.750204 0.012948 -0.872741 0.870840 
27.773915 0.011855 -0.851542 0.918489 
27.797766 0.011926 -0.829018 0.971630 
27.819661 0.010948 -0.807167 1.025673 
27.839883 0.010111 -0.785882 1.080678 
27.858692 0.009404 -0.765040 1.136806 
27.876287 0.008798 -0.744544 1.194181 
27.892825 0.008269 -0.724319 1.252902 
27.908431 0.007803 -0.704307 1.313052 
27.923207 0.007388 -0.684458 1.374701 
27.937240 0.007016 -0.664732 1.437910 
27.950602 0.006681 -0.645093 1.502735 
27.963356 0.006377 -0.625511 1.569226 
27.975554 0.006099 -0.605960 1.637427 
27.987245 0.005845 -0.586416 1.707381 
27.998469 0.005612 -0.566856 1.779129 
28.009262 0.005397 -0.547262 1.852708 
28.019659 0.005198 -0.527614 1.928154 
28.029687 0.005014 -0.507896 2.005503 
28.039373 0.004843 -0.488092 2.084787 
28.048741 0.004684 -0.468186 2.166038 
28.057813 0.004536 -0.448163 2.249288 
28.066609 0.004398 -0.428010 2.334565 
28.075146 0.004269 -0.407711 2.421900 
28.083442 0.004148 -0.387253 2.511321 
28.091512 0.004035 -0.366623 2.602854 
28.099370 0.003929 -0.345806 2.696526 
28.107030 0.003830 -0.324788 2.792362 
28.114504 0.003737 -0.303556 2.890387 
28.121803 0.003650 -0.282095 2.990623 
28.128940 0.003568 -0.260390 3.093094 
28.135924 0.003492 -0.238426 3.197818 
28.142765 0.003421 -0.216187 3.304817 
28.149473 0.003354 -0.193657 3.414107 
28.156056 0.003292 -0.170818 3.525703 
28.162523 0.003234 -0.147651 3.639621 
28.168883 0.003180 -0.124139 3.755869 
28.175143 0.003130 -0.100260 3.874456 
28.181311 0.003084 -0.075992 3.995386 
28.187394 0.003042 -0.051313 4.118660 
28.193401 0.003003 -0.026198 4.244270 
28.199339 0.002969 -0.000620 4.372206 
28.205215 0.002938 0.025449 4.502448 
28.211035 0.002910 0.052040 4.634968 
28.216809 0.002887 0.079186 4.769724 
28.222542 0.002867 0.106924 4.906663 
28.228243 0.002850 0.135290 5.045712 
28.233919 0.002838 0.164328 5.186776 
28.239577 0.002829 0.194080 5.329732 
28.245226 0.002824 0.224595 5.474420 
28.250874 0.002824 0.255922 5.620636 
28.256526 0.002826 0.288111 5.768115 
28.262193 0.002833 0.321214 5.916519 
28.267879 0.002843 0.355279 6.065412 
28.273591 0.002856 0.390350 6.214237 
28.279332 0.002871 0.426456 6.362284 
28.285105 0.002886 0.463609 6.508655 
28.290906 0.002901 0.501786 6.652230 
28.296728 0.002911 0.540921 6.791650 
28.302555 0.002914 0.580892 6.925317 
28.308365 0.002905 0.621504 7.051452 
28.314131 0.002883 0.662501 7.168203 
28.319817 0.002843 0.703571 7.273823 
28.325392 0.002787 0.744386 7.366856 
28.330826 0.002717 0.784640 7.446293 
28.336098 0.002636 0.824080 7.511626 
28.341198 0.002550 0.862524 7.562812 
28.346122 0.002462 0.899866 7.600169 
28.350876 0.002377 0.936060 7.624250 
28.355468 0.002296 0.971106 7.635734 
28.359911 0.002221 1.005035 7.635343 
28.364217 0.002153 1.037896 7.623792 
28.368400 0.002092 1.069748 7.601759 
28.372474 0.002037 1.100654 7.569867 
28.376450 0.001988 1.130676 7.528680 
28.380341 0.001945 1.159876 7.478705 
28.384157 0.001908 1.188314 7.420392 
28.387911 0.001877 1.216043 7.354138 
28.391610 0.001850 1.243115 7.280289 
28.395265 0.001828 1.269580 7.199147 
28.398885 0.001810 1.295484 7.110968 
28.402478 0.001797 1.320870 7.015967 
28.406054 0.001788 1.345781 6.914319 
28.409622 0.001784 1.370256 6.806155 
28.413189 0.001784 1.394335 6.691561 
28.416767 0.001789 1.418061 6.570578 
28.420364 0.001799 1.441472 6.443189 
28.423993 0.001815 1.464615 6.309313 
28.427667 0.001837 1.487536 6.168789 
28.431399 0.001866 1.510289 6.021349 
28.435210 0.001905 1.532939 5.866586 
28.439120 0.001955 1.555564 5.703889 
28.443161 0.002021 1.578269 5.532344 
28.447375 0.002107 1.601199 5.350545 
28.451824 0.002224 1.624572 5.156214 
28.456613 0.002395 1.648762 4.945329 
28.461950 0.002668 1.674525 4.709597 
28.468405 0.003227 1.704007 4.425437 
28.473985 0.002790 1.728022 4.182333 
28.479331 0.002673 1.749763 3.953046 
28.484159 0.002414 1.768355 3.749865 
28.489022 0.002432 1.786103 3.549667 
28.493518 0.002248 1.801653 3.369154 
28.497769 0.002125 1.815618 3.202870 
28.501849 0.002040 1.828369 3.047552 
28.505804 0.001977 1.840130 2.901248 
28.509663 0.001930 1.851057 2.762660 
28.513448 0.001892 1.861262 2.630859 
28.517175 0.001863 1.870831 2.505151 
28.520857 0.001841 1.879831 2.384990 
28.524503 0.001823 1.888316 2.269940 
28.528124 0.001810 1.896333 2.159643 
28.531725 0.001801 1.903918 2.053796 
28.535313 0.001794 1.911104 1.952141 
28.538895 0.001791 1.917919 1.854457 
28.542475 0.001790 1.924388 1.760546 
28.546058 0.001791 1.930532 1.670234 
28.549647 0.001795 1.936370 1.583367 
28.553248 0.001800 1.941919 1.499803 
28.556863 0.001808 1.947194 1.419414 
28.560496 0.001817 1.952209 1.342082 
28.564151 0.001828 1.956977 1.267699 
28.567831 0.001840 1.961509 1.196162 
28.571540 0.001854 1.965816 1.127379 
28.575280 0.001870 1.969908 1.061259 
28.579055 0.001887 1.973792 0.997719 
28.582867 0.001906 1.977478 0.936681 
28.586721 0.001927 1.980973 0.878069 
28.590619 0.001949 1.984285 0.821810 
28.594565 0.001973 1.987420 0.767836 
28.598562 0.001998 1.990384 0.716082 
28.602613 0.002026 1.993183 0.666483 
28.606723 0.002055 1.995823 0.618979 
28.610894 0.002086 1.998309 0.573510 
28.615131 0.002118 2.000645 0.530018 
28.619437 0.002153 2.002837 0.488448 
28.623817 0.002190 2.004888 0.448746 
28.628275 0.002229 2.006802 0.410858 
28.632816 0.002270 2.008585 0.374733 
28.637445 0.002314 2.010238 0.340319 
28.642165 0.002360 2.011766 0.307569 
28.646984 0.002409 2.013172 0.276433 
28.651907 0.002461 2.014458 0.246863 
28.656940 0.002516 2.015629 0.218812 
28.662088 0.002574 2.016686 0.192236 
28.667361 0.002636 2.017632 0.167087 
28.672764 0.002701 2.018469 0.143321 
28.678305 0.002771 2.019200 0.120895 
28.683995 0.002845 2.019826 0.099764 
28.689841 0.002923 2.020350 0.079886 
28.695854 0.003007 2.020773 0.061217 
28.702045 0.003096 2.021096 0.043716 
28.708426 0.003191 2.021322 0.027342 
28.715010 0.003292 2.021450 0.012051 
28.721812 0.003401 2.021482 -0.002195 
28.728847 0.003517 2.021419 -0.015439 
28.736132 0.003643 2.021260 -0.027721 
28.743688 0.003778 2.021007 -0.039079 
28.751535 0.003923 2.020658 -0.049555 
28.759697 0.004081 2.020213 -0.059188 
28.768201 0.004252 2.019671 -0.068016 
28.777077 0.004438 2.019030 -0.076080 
28.786358 0.004641 2.018288 -0.083417 
28.796085 0.004863 2.017444 -0.090067 
28.806300 0.005107 2.016492 -0.096067 
28.817054 0.005377 2.015428 -0.101457 
28.828405 0.005676 2.014248 -0.106274 
28.840422 0.006008 2.012944 -0.110555 
28.853184 0.006381 2.011508 -0.114340 
28.866786 0.006801 2.009929 -0.117665 
28.881341 0.007277 2.008194 -0.120569 
28.896984 0.007822 2.006287 -0.123088 
28.913882 0.008449 2.004188 -0.125262 
28.932240 0.009179 2.001870 -0.127127 
28.952317 0.010038 1.999301 -0.128722 
28.974442 0.011062 1.996437 -0.130086 
28.999045 0.012302 1.993221 -0.131258 
29.026703 0.013829 1.989575 -0.132281 
29.058206 0.015752 1.985393 -0.133198 
29.094692 0.018243 1.980516 -0.134058 
29.137867 0.021588 1.974709 -0.134918 
29.190511 0.026322 1.967581 -0.135853 
29.257750 0.033619 1.958408 -0.136977 
29.352002 0.047126 1.945425 -0.138532 
29.486759 0.067378 1.926605 -0.140819 
29.605190 0.059216 1.909805 -0.142917 
29.723526 0.059168 1.892764 -0.145115 
29.838786 0.057630 1.875911 -0.147361 
29.951916 0.056565 1.859111 -0.149675 
30.063326 0.055705 1.842304 -0.152071 
30.173032 0.054853 1.825487 -0.154552 
30.280997 0.053983 1.808664 -0.157122 
30.387196 0.053100 1.791838 -0.159786 
30.491611 0.052208 1.775012 -0.162548 
30.594228 0.051308 1.758187 -0.165414 
30.695034 0.050403 1.741365 -0.168388 
30.794020 0.049493 1.724547 -0.171478 
30.891179 0.048579 1.707732 -0.174688 
30.986505 0.047663 1.690923 -0.178027 
31.079997 0.046746 1.674120 -0.181501 
31.171654 0.045828 1.657321 -0.185118 
31.261478 0.044912 1.640526 -0.188887 
31.349472 0.043997 1.623735 -0.192818 
31.435644 0.043086 1.606946 -0.196919 
31.520000 0.042178 1.590157 -0.201203 
31.602553 0.041276 1.573366 -0.205681 
31.683312 0.040380 1.556569 -0.210367 
31.762294 0.039491 1.539764 -0.215274 
31.839515 0.038610 1.522945 -0.220418 
31.914994 0.037739 1.506108 -0.225817 
31.988750 0.036878 1.489248 -0.231489 
32.060808 0.036029 1.472356 -0.237455 
32.131192 0.035192 1.455427 -0.243738 
32.199929 0.034369 1.438450 -0.250364 
32.267050 0.033560 1.421415 -0.257362 
32.332586 0.032768 1.404311 -0.264763 
32.396573 0.031994 1.387124 -0.272603 
32.459049 0.031238 1.369838 -0.280923 
32.520055 0.030503 1.352437 -0.289769 
32.579636 0.029791 1.334897 -0.299193 
32.637842 0.029103 1.317196 -0.309255 
32.694727 0.028443 1.299305 -0.320026 
32.750352 0.027812 1.281190 -0.331587 
32.804785 0.027217 1.262810 -0.344034 
32.858106 0.026660 1.244116 -0.357484 
32.910406 0.026150 1.225048 -0.372076 
32.961795 0.025694 1.205530 -0.387984 
33.012409 0.025307 1.185463 -0.405429 
33.062425 0.025008 1.164717 -0.424698 
33.112079 0.024827 1.143111 -0.446182 
33.161718 0.024819 1.120380 -0.470440 
33.211889 0.025085 1.096101 -0.498339 
33.262301 0.025206 1.070196 -0.530507 
33.309620 0.023660 1.044299 -0.565284 
33.353924 0.022152 1.018454 -0.602739 
33.395445 0.020760 0.992619 -0.643053 
33.434402 0.019479 0.966751 -0.686418 
33.471000 0.018299 0.940805 -0.733037 
33.505424 0.017212 0.914737 -0.783119 
33.533653 0.014114 0.891994 -0.829533 
33.559263 0.012805 0.870164 -0.876511 
33.585073 0.012905 0.846878 -0.929280 
33.608549 0.011738 0.824452 -0.982720 
33.630075 0.010763 0.802728 -1.036950 
33.649986 0.009955 0.781545 -1.092176 
33.668529 0.009272 0.760781 -1.148552 
33.685894 0.008683 0.740346 -1.206197 
33.702230 0.008168 0.720170 -1.265207 
33.717657 0.007713 0.700195 -1.325661 
33.732273 0.007308 0.680374 -1.387628 
33.746162 0.006944 0.660669 -1.451167 
33.759393 0.006616 0.641044 -1.516332 
33.772028 0.006317 0.621471 -1.583172 
33.784118 0.006045 0.601923 -1.651731 
33.795709 0.005795 0.582378 -1.722053 
33.806841 0.005566 0.562812 -1.794176 
33.817550 0.005355 0.543208 -1.868138 
33.827868 0.005159 0.523548 -1.943975 
33.837824 0.004978 0.503813 -2.021720 
33.847443 0.004809 0.483989 -2.101408 
33.856748 0.004653 0.464060 -2.183070 
33.865761 0.004507 0.444012 -2.266736 
33.874502 0.004370 0.423829 -2.352436 
33.882988 0.004243 0.403499 -2.440200 
33.891236 0.004124 0.383007 -2.530054 
33.899261 0.004012 0.362339 -2.622027 
33.907077 0.003908 0.341481 -2.716144 
33.914697 0.003810 0.320421 -2.812430 
33.922134 0.003719 0.299143 -2.910910 
33.929399 0.003633 0.277632 -3.011606 
33.936504 0.003552 0.255875 -3.114540 
33.943458 0.003477 0.233856 -3.219733 
33.950270 0.003406 0.211558 -3.327203 
33.956952 0.003341 0.188965 -3.436969 
33.963510 0.003279 0.166060 -3.549044 
33.969954 0.003222 0.142824 -3.663442 
33.976293 0.003169 0.119237 -3.780173 
33.982533 0.003120 0.095280 -3.899244 
33.988683 0.003075 0.070929 -4.020658 
33.994750 0.003034 0.046162 -4.144414 
34.000742 0.002996 0.020954 -4.270506 
34.006666 0.002962 -0.004723 -4.398921 
34.012530 0.002932 -0.030898 -4.529636 
34.018341 0.002905 -0.057601 -4.662621 
34.024105 0.002882 -0.084866 -4.797834 
34.029831 0.002863 -0.112730 -4.935215 
34.035526 0.002848 -0.141232 -5.074689 
34.041198 0.002836 -0.170413 -5.216155 
34.046854 0.002828 -0.200319 -5.359483 
34.052502 0.002824 -0.230998 -5.504505 
34.058149 0.002824 -0.262498 -5.651005 
34.063804 0.002828 -0.294872 -5.798706 
34.069474 0.002835 -0.328170 -5.947250 
34.075165 0.002846 -0.362440 -6.096180 
34.080883 0.002859 -0.397722 -6.244909 
34.086631 0.002874 -0.434045 -6.392690 
34.092410 0.002889 -0.471412 -6.538582 
34.098216 0.002903 -0.509794 -6.681418 
34.104040 0.002912 -0.549114 -6.819788 
34.109866 0.002913 -0.589235 -6.952050 
34.115670 0.002902 -0.629951 -7.076397 
34.121422 0.002876 -0.670989 -7.190985 
34.127088 0.002833 -0.712033 -7.294112 
34.132636 0.002774 -0.752757 -7.384404 
34.138037 0.002701 -0.792861 -7.460952 
34.143275 0.002619 -0.832107 -7.523353 
34.148338 0.002532 -0.870330 -7.571647 
34.153227 0.002444 -0.907437 -7.606210 
34.157946 0.002360 -0.943393 -7.627631 
34.162507 0.002280 -0.978205 -7.636603 
34.166920 0.002207 -1.011909 -7.633849 
34.171200 0.002140 -1.044556 -7.620080 
34.175359 0.002080 -1.076207 -7.595961 
34.179412 0.002026 -1.106925 -7.562104 
34.183369 0.001979 -1.136773 -7.519062 
34.187244 0.001937 -1.165811 -7.467330 
34.191047 0.001901 -1.194097 -7.407346 
34.194788 0.001871 -1.221687 -7.339496 
34.198477 0.001845 -1.248630 -7.264118 
34.202124 0.001824 -1.274976 -7.181502 
34.205738 0.001807 -1.300769 -7.091898 
34.209327 0.001795 -1.326053 -6.995512 
34.212901 0.001787 -1.350870 -6.892508 
34.216467 0.001783 -1.375260 -6.783010 
34.220036 0.001784 -1.399264 -6.667096 
34.223617 0.001790 -1.422921 -6.544792 
34.227220 0.001802 -1.446273 -6.416073 
34.230857 0.001819 -1.469366 -6.280840 
34.234541 0.001842 -1.492247 -6.138912 
34.238288 0.001874 -1.514974 -5.989999 
34.242117 0.001914 -1.537611 -5.833655 
34.246052 0.001967 -1.560244 -5.669218 
34.250125 0.002036 -1.582981 -5.495692 
34.254381 0.002128 -1.605981 -5.311530 
34.258890 0.002254 -1.629484 -5.114195 
34.263769 0.002440 -1.653917 -4.899087 
34.269267 0.002749 -1.680182 -4.656278 
34.276145 0.003439 -1.711168 -4.354052 
34.281603 0.002729 -1.734281 -4.117237 
34.286786 0.002592 -1.755045 -3.895993 
34.291510 0.002362 -1.772981 -3.698276 
34.296261 0.002376 -1.790089 -3.503856 
34.300687 0.002213 -1.805203 -3.327255 
34.304891 0.002102 -1.818844 -3.163892 
34.308937 0.002023 -1.831335 -3.010931 
34.312867 0.001965 -1.842880 -2.866620 
34.316706 0.001920 -1.853621 -2.729770 
34.320475 0.001885 -1.863663 -2.599520 
34.324190 0.001857 -1.873086 -2.475216 
34.327862 0.001836 -1.881956 -2.356344 
34.331501 0.001820 -1.890322 -2.242490 
34.335116 0.001807 -1.898230 -2.133309 
34.338714 0.001799 -1.905714 -2.028511 
34.342300 0.001793 -1.912807 -1.927849 
34.345881 0.001790 -1.919536 -1.831106 
34.349461 0.001790 -1.925923 -1.738092 
34.353045 0.001792 -1.931990 -1.648639 
34.356637 0.001796 -1.937756 -1.562593 
34.360241 0.001802 -1.943236 -1.479819 
34.363860 0.001810 -1.948446 -1.400189 
34.367499 0.001819 -1.953400 -1.323589 
34.371160 0.001830 -1.958109 -1.249913 
34.374846 0.001843 -1.962585 -1.179059 
34.378562 0.001858 -1.966838 -1.110936 
34.382310 0.001874 -1.970878 -1.045456 
34.386094 0.001892 -1.974713 -0.982536 
34.389916 0.001911 -1.978352 -0.922099 
34.393781 0.001932 -1.981802 -0.864070 
34.397690 0.001955 -1.985069 -0.808377 
34.401648 0.001979 -1.988162 -0.754954 
34.405658 0.002005 -1.991085 -0.703733 
34.409723 0.002033 -1.993844 -0.654653 
34.413848 0.002062 -1.996446 -0.607653 
34.418035 0.002093 -1.998895 -0.562674 
34.422288 0.002127 -2.001195 -0.519658 
34.426612 0.002162 -2.003352 -0.478550 
34.431011 0.002199 -2.005369 -0.439297 
34.435489 0.002239 -2.007251 -0.401846 
34.440051 0.002281 -2.009002 -0.366145 
34.444701 0.002325 -2.010624 -0.332144 
34.449446 0.002372 -2.012122 -0.299793 
34.454290 0.002422 -2.013498 -0.269045 
34.459239 0.002475 -2.014756 -0.239852 
34.464299 0.002530 -2.015898 -0.212166 
34.469477 0.002589 -2.016928 -0.185944 
34.474781 0.002652 -2.017847 -0.161138 
34.480217 0.002718 -2.018658 -0.137705 
34.485794 0.002789 -2.019363 -0.115600 
34.491521 0.002863 -2.019964 -0.094780 
34.497407 0.002943 -2.020463 -0.075202 
34.503463 0.003028 -2.020861 -0.056823 
34.509699 0.003118 -2.021160 -0.039602 
34.516129 0.003215 -2.021362 -0.023497 
34.522765 0.003318 -2.021467 -0.008466 
34.529622 0.003429 -2.021476 0.005531 
34.536717 0.003547 -2.021389 0.018536 
34.544067 0.003675 -2.021207 0.030587 
34.551691 0.003812 -2.020930 0.041726 
34.559613 0.003961 -2.020558 0.051992 
34.567856 0.004122 -2.020089 0.061424 
34.576449 0.004296 -2.019523 0.070061 
34.585421 0.004486 -2.018858 0.077943 
34.594808 0.004694 -2.018091 0.085108 
34.604649 0.004921 -2.017220 0.091596 
34.614991 0.005171 -2.016242 0.097443 
34.625886 0.005447 -2.015150 0.102689 
34.637394 0.005754 -2.013940 0.107371 
34.649585 0.006096 -2.012605 0.111527 
34.662544 0.006479 -2.011135 0.115196 
34.676368 0.006912 -2.009519 0.118414 
34.691176 0.007404 -2.007743 0.121220 
34.707110 0.007967 -2.005791 0.123651 
34.724345 0.008617 -2.003641 0.125746 
34.743098 0.009376 -2.001265 0.127541 
34.763643 0.010272 -1.998628 0.129076 
34.786330 0.011344 -1.995684 0.130389 
34.811622 0.012646 -1.992371 0.131521 
34.840138 0.014258 -1.988605 0.132514 
34.872740 0.016301 -1.984269 0.133412 
34.910677 0.018968 -1.979191 0.134266 
34.955857 0.022590 -1.973105 0.135137 
35.011461 0.027802 -1.965563 0.136105 
35.083636 0.036088 -1.955696 0.137303 
35.189226 0.052795 -1.941106 0.139051 
35.318863 0.064819 -1.922938 0.141271 
35.448281 0.064709 -1.904507 0.143594 
35.565871 0.058795 -1.887494 0.145810 
35.679654 0.056892 -1.870777 0.148060 
35.792036 0.056191 -1.854008 0.150394 
35.902916 0.055440 -1.837200 0.152815 
36.012104 0.054594 -1.820380 0.155322 
36.119538 0.053717 -1.803556 0.157921 
36.225197 0.052830 -1.786730 0.160614 
36.329068 0.051935 -1.769904 0.163407 
36.431136 0.051034 -1.753079 0.166305 
36.531390 0.050127 -1.736258 0.169314 
36.629822 0.049216 -1.719441 0.172440 
36.726425 0.048301 -1.702628 0.175688 
36.821195 0.047385 -1.685821 0.179067 
36.914129 0.046467 -1.669019 0.182584 
37.005229 0.045550 -1.652221 0.186246 
37.094497 0.044634 -1.635428 0.190063 
37.181937 0.043720 -1.618638 0.194044 
37.267557 0.042810 -1.601849 0.198200 
37.351364 0.041904 -1.585059 0.202542 
37.433371 0.041003 -1.568267 0.207081 
37.513589 0.040109 -1.551468 0.211833 
37.592035 0.039223 -1.534659 0.216810 
37.668725 0.038345 -1.517835 0.222030 
37.743678 0.037477 -1.500992 0.227509 
37.816916 0.036619 -1.484123 0.233268 
37.888463 0.035773 -1.467221 0.239328 
37.958344 0.034940 -1.450277 0.245713 
38.026587 0.034122 -1.433284 0.252448 
38.093223 0.033318 -1.416230 0.259565 
38.158285 0.032531 -1.399102 0.267095 
38.221809 0.031762 -1.381887 0.275076 
38.283834 0.031013 -1.364568 0.283551 
38.344402 0.030284 -1.347127 0.292566 
38.403560 0.029579 -1.329541 0.302177 
38.461359 0.028899 -1.311786 0.312447 
38.517855 0.028248 -1.293830 0.323448 
38.573110 0.027628 -1.275639 0.335267 
38.627197 0.027043 -1.257170 0.348006 
38.680198 0.026500 -1.238369 0.361786 
38.732208 0.026005 -1.219173 0.376758 
38.783346 0.025569 -1.199500 0.393107 
38.833758 0.025206 -1.179243 0.411071 
38.883635 0.024939 -1.158258 0.430965 
38.933241 0.024803 -1.136344 0.453222 
38.982970 0.024864 -1.113197 0.478474 
39.033467 0.025249 -1.088322 0.507732 
39.082937 0.024735 -1.062419 0.540670 
39.129326 0.023194 -1.036541 0.576232 
39.172771 0.021722 -1.010704 0.614525 
39.213501 0.020365 -0.984864 0.655733 
39.251730 0.019115 -0.958977 0.700053 
39.287657 0.017963 -0.932999 0.747688 
39.321462 0.016903 -0.906886 0.798851 
39.348731 0.013635 -0.884485 0.845422 
39.373569 0.012419 -0.862915 0.892641 
39.398580 0.012506 -0.839946 0.945524 
39.421417 0.011418 -0.817756 0.999176 
39.442419 0.010501 -0.796213 1.053691 
39.461889 0.009735 -0.775168 1.109253 
39.480055 0.009083 -0.754513 1.166005 
39.497092 0.008518 -0.734164 1.224057 
39.513139 0.008023 -0.714055 1.283500 
39.528309 0.007585 -0.694132 1.344409 
39.542695 0.007193 -0.674350 1.406850 
39.556376 0.006841 -0.654673 1.470880 
39.569419 0.006522 -0.635067 1.536551 
39.581882 0.006232 -0.615504 1.603911 
39.593816 0.005967 -0.595959 1.673004 
39.605262 0.005723 -0.576409 1.743871 
39.616262 0.005500 -0.556834 1.816552 
39.626849 0.005293 -0.537215 1.891082 
39.637053 0.005102 -0.517534 1.967498 
39.646903 0.004925 -0.497773 2.045833 
39.656424 0.004760 -0.477919 2.126119 
39.665638 0.004607 -0.457955 2.208389 
39.674566 0.004464 -0.437867 2.292673 
39.683227 0.004331 -0.417641 2.379000 
39.691639 0.004206 -0.397263 2.467399 
39.699817 0.004089 -0.376718 2.557897 
39.707777 0.003980 -0.355994 2.650522 
39.715532 0.003877 -0.335076 2.745298 
39.723095 0.003782 -0.313951 2.842251 
39.730478 0.003692 -0.292603 2.941405 
39.737693 0.003608 -0.271019 3.042782 
39.744751 0.003529 -0.249184 3.146403 
39.751660 0.003455 -0.227081 3.252289 
39.758432 0.003386 -0.204695 3.360458 
39.765075 0.003321 -0.182009 3.470927 
39.771598 0.003261 -0.159004 3.583709 
39.778009 0.003206 -0.135663 3.698818 
39.784316 0.003154 -0.111966 3.816263 
39.790528 0.003106 -0.087891 3.936049 
39.796652 0.003062 -0.063416 4.058179 
39.802696 0.003022 -0.038517 4.182649 
39.808666 0.002985 -0.013168 4.309451 
39.814571 0.002952 0.012657 4.438570 
39.820418 0.002923 0.038989 4.569982 
39.826213 0.002898 0.065860 4.703652 
39.831965 0.002876 0.093304 4.839534 
39.837681 0.002858 0.121359 4.977563 
39.843368 0.002844 0.150063 5.117657 
39.849034 0.002833 0.179461 5.259706 
39.854687 0.002826 0.209598 5.403571 
39.860334 0.002824 0.240521 5.549070 
39.865983 0.002825 0.272283 5.695969 
39.871642 0.002829 0.304933 5.843969 
39.877318 0.002838 0.338523 5.992685 
39.883016 0.002849 0.373098 6.141622 
39.888743 0.002863 0.408696 6.290149 
39.894501 0.002879 0.445338 6.437463 
39.900289 0.002894 0.483020 6.582558 
39.906101 0.002906 0.521699 6.724192 
39.911928 0.002913 0.561282 6.860881 
39.917750 0.002911 0.601609 6.990924 
39.923542 0.002896 0.642455 7.112486 
39.929271 0.002865 0.683529 7.223745 
39.934904 0.002817 0.724510 7.323080 
39.940410 0.002753 0.765074 7.409251 
39.945763 0.002677 0.804938 7.481502 
39.950948 0.002592 0.843886 7.539575 
39.955957 0.002505 0.881776 7.583627 
39.960794 0.002418 0.918533 7.614111 
39.965463 0.002335 0.954137 7.631656 
39.969978 0.002257 0.988606 7.636972 
39.974349 0.002186 1.021981 7.630783 
39.978590 0.002121 1.054318 7.613787 
39.982716 0.002063 1.085678 7.586634 
39.986738 0.002011 1.116124 7.549918 
39.990669 0.001966 1.145718 7.504175 
39.994521 0.001926 1.174521 7.449881 
39.998304 0.001891 1.202589 7.387457 
