0.000000 1.000000 0.010000 0.000000
2.000000 1.000000 0.013200 -0.009607 
2.182306 0.091153 0.009960 -0.027954 
2.304813 0.061254 0.005104 -0.053179 
2.441466 0.068326 -0.005487 -0.106167 
2.599011 0.078773 -0.031183 -0.231895 
2.757725 0.079357 -0.087509 -0.503326 
2.920783 0.081529 -0.213259 -1.091809 
3.064313 0.071765 -0.432797 -2.016937 
3.154177 0.044932 -0.645570 -2.712890 
3.243913 0.044868 -0.911409 -3.150235 
3.327034 0.041560 -1.168572 -2.951052 
3.403020 0.037993 -1.367896 -2.251470 
3.478583 0.037782 -1.506091 -1.412935 
3.562778 0.042097 -1.592628 -0.681020 
3.713315 0.075269 -1.641024 -0.051328 
3.858906 0.072795 -1.633654 0.125483 
4.046634 0.093864 -1.603492 0.185510 
4.356955 0.155161 -1.541016 0.214155 
5.023389 0.333217 -1.379196 0.276657 
5.335636 0.156123 -1.285096 0.329249 
5.534361 0.099362 -1.214815 0.380488 
5.650280 0.057960 -1.168417 0.421331 
5.738358 0.044039 -1.129628 0.460502 
5.812453 0.037047 -1.094046 0.500924 
5.877569 0.032558 -1.060061 0.543913 
6.016309 0.069370 -0.976307 0.670531 
6.144747 0.064219 -0.878848 0.858679 
6.262499 0.058876 -0.761849 1.147885 
6.364537 0.051019 -0.624289 1.577287 
6.453060 0.044262 -0.458401 2.212170 
6.535385 0.041162 -0.237948 3.207041 
6.619439 0.042027 0.097267 4.859477 
6.670764 0.025663 0.379792 6.162721 
6.709605 0.019420 0.637589 7.084861 
6.748771 0.019583 0.926647 7.597628 
6.787049 0.019139 1.214523 7.333388 
6.824202 0.018577 1.468776 6.264598 
6.861774 0.018786 1.675196 4.693460 
6.896021 0.017123 1.810940 3.255955 
6.936820 0.020399 1.914931 1.901286 
7.002033 0.032606 1.994375 0.660968 
7.065552 0.031759 2.018778 0.165160 
7.135577 0.035013 2.022465 -0.033157 
7.229949 0.047186 2.015060 -0.109902 
7.377124 0.073588 1.996928 -0.131077 
7.666919 0.144898 1.957954 -0.137074 
8.620742 0.476911 1.818830 -0.155558 
9.558580 0.468919 1.660268 -0.184500 
10.231693 0.336557 1.524977 -0.219842 
10.698131 0.233219 1.413473 -0.260840 
11.031506 0.166688 1.319066 -0.308296 
11.254628 0.111561 1.245121 -0.356886 
11.392444 0.068908 1.193154 -0.398736 
11.491931 0.049743 1.151604 -0.437672 
11.573141 0.040605 1.114500 -0.477104 
11.643015 0.034937 1.079754 -0.518433 
11.762731 0.059858 1.012327 -0.612292 
11.894164 0.065716 0.922138 -0.769325 
12.017736 0.061786 0.813021 -1.012664 
12.126333 0.054299 0.684579 -1.377432 
12.219963 0.046815 0.532086 -1.915685 
12.303431 0.041734 0.340497 -2.727157 
12.391445 0.044007 0.040828 -4.175894 
12.445118 0.026837 -0.216238 -5.435198 
12.487018 0.020950 -0.466665 -6.514911 
12.524899 0.018941 -0.729520 -7.322144 
12.562694 0.018897 -1.013436 -7.614756 
12.603122 0.020214 -1.312000 -7.030924 
12.638774 0.017826 -1.541740 -5.791402 
12.673622 0.017424 -1.717482 -4.285657 
12.708640 0.017509 -1.842317 -2.875636 
12.753752 0.022556 -1.940161 -1.536032 
12.823094 0.034671 -2.005250 -0.464027 
12.886456 0.031681 -2.021405 -0.090244 
12.961653 0.037599 -2.021549 0.064032 
13.067017 0.052682 -2.011299 0.119462 
13.240322 0.086652 -1.989097 0.133069 
13.618421 0.189050 -1.937527 0.139474 
15.276682 0.829130 -1.675004 0.181388 
16.039579 0.381449 -1.522815 0.220543 
16.510884 0.235653 -1.409613 0.262523 
16.840971 0.165044 -1.315521 0.310373 
17.060947 0.109988 -1.242147 0.359097 
17.196079 0.067566 -1.190907 0.400713 
17.294383 0.049152 -1.149657 0.439629 
17.374905 0.040261 -1.112707 0.479131 
17.444320 0.034708 -1.078043 0.520584 
17.569356 0.062518 -1.007003 0.620540 
17.700112 0.065378 -0.915962 0.781506 
17.822912 0.061400 -0.805665 1.031270 
17.930527 0.053807 -0.675934 1.404999 
18.023343 0.046408 -0.521635 1.956405 
18.106472 0.041565 -0.326537 2.790966 
18.193711 0.043620 -0.022796 4.265658 
18.245123 0.025706 0.227157 5.486489 
18.286816 0.020847 0.478376 6.559278 
18.324620 0.018902 0.742084 7.349392 
18.362304 0.018842 1.025625 7.610606 
18.403210 0.020453 1.326535 6.974754 
18.438534 0.017662 1.551822 5.718962 
18.473131 0.017299 1.723877 4.220652 
18.508348 0.017608 1.847169 2.814445 
18.554348 0.023000 1.944103 1.476706 
18.621872 0.033762 2.005547 0.457541 
18.685065 0.031596 2.021415 0.088395 
18.760441 0.037688 2.021465 -0.064791 
18.866159 0.052859 2.011133 -0.119685 
19.040332 0.087087 1.988799 -0.133121 
19.421573 0.190620 1.936777 -0.139565 
21.110246 0.844336 1.668380 -0.182802 
21.865141 0.377448 1.516525 -0.222535 
22.328268 0.231564 1.404285 -0.264873 
22.653040 0.162386 1.310883 -0.313123 
22.868835 0.107898 1.238292 -0.361995 
23.000677 0.065921 1.187933 -0.403350 
23.097466 0.048395 1.147063 -0.442255 
23.177090 0.039812 1.110312 -0.481855 
23.245905 0.034408 1.075755 -0.523481 
23.374619 0.064357 1.001956 -0.628470 
23.504922 0.065152 0.909949 -0.793542 
23.626940 0.061009 0.798533 -1.049575 
23.733614 0.053337 0.667547 -1.432096 
23.825665 0.046026 0.511462 -1.996474 
23.908516 0.041425 0.312794 -2.854293 
23.995066 0.043275 0.004834 -4.355033 
24.044532 0.024733 -0.239358 -5.543376 
24.085983 0.020725 -0.491332 -6.607501 
24.123717 0.018867 -0.756046 -7.378197 
24.161298 0.018791 -1.039262 -7.604055 
24.202807 0.020754 -1.343125 -6.907127 
24.237844 0.017519 -1.563784 -5.630875 
24.272195 0.017175 -1.731672 -4.140391 
24.307684 0.017744 -1.853115 -2.738774 
24.354881 0.023598 -1.948959 -1.402959 
24.421199 0.033159 -2.006479 -0.438914 
24.484381 0.031591 -2.021575 -0.081351 
24.560412 0.038015 -2.021266 0.067622 
24.667491 0.053540 -2.010620 0.120502 
24.845027 0.088768 -1.987782 0.133302 
25.238616 0.196794 -1.933982 0.139902 
27.051265 0.906325 -1.641107 0.188881 
27.773080 0.360908 -1.490725 0.231087 
28.203643 0.215282 -1.382382 0.274951 
28.507484 0.151920 -1.291679 0.324961 
28.708107 0.100312 -1.221709 0.374887 
28.827886 0.059889 -1.174444 0.415640 
28.918432 0.045273 -1.135090 0.454663 
28.994165 0.037866 -1.099175 0.494796 
29.060374 0.033105 -1.065040 0.537316 
29.197174 0.068400 -0.983729 0.658049 
29.326170 0.064498 -0.887867 0.839285 
29.445181 0.059506 -0.772464 1.118719 
29.548523 0.051671 -0.636830 1.534262 
29.637997 0.044737 -0.473898 2.148044 
29.720299 0.041151 -0.260446 3.099724 
29.804879 0.042290 0.065732 4.704652 
29.852912 0.024016 0.320211 5.908446 
29.892721 0.019905 0.575484 6.897874 
29.933361 0.020320 0.870595 7.553189 
29.971073 0.018856 1.155704 7.463456 
30.009579 0.019253 1.426634 6.505593 
30.043806 0.017113 1.626373 5.128736 
30.077581 0.016888 1.774825 3.672520 
30.115288 0.018854 1.886476 2.296549 
30.172943 0.028828 1.977045 0.956103 
30.239927 0.033492 2.014959 0.258865 
30.306156 0.033114 2.022687 0.006425 
30.391797 0.042820 2.018116 -0.096245 
30.519417 0.063810 2.003332 -0.128022 
30.751156 0.115869 1.972614 -0.135380 
31.376768 0.312806 1.884635 -0.146181 
32.403384 0.513308 1.722176 -0.171937 
33.182394 0.389505 1.576245 -0.204946 
33.722269 0.269938 1.455823 -0.243664 
34.101682 0.189707 1.355408 -0.288336 
34.365350 0.131834 1.273310 -0.336973 
34.553624 0.094137 1.205248 -0.388384 
34.663407 0.054891 1.160451 -0.428963 
34.748246 0.042420 1.122433 -0.468299 
34.820271 0.036012 1.087269 -0.509131 
34.884046 0.031887 1.053439 -0.552804 
35.024560 0.070257 0.966899 -0.686693 
35.152224 0.063832 0.867437 -0.883782 
35.268374 0.058075 0.748437 -1.185542 
35.368813 0.050220 0.608411 -1.632805 
35.456219 0.043703 0.438632 -2.295252 
35.538821 0.041301 0.208258 -3.350086 
35.622493 0.041836 -0.140221 -5.068134 
35.667374 0.022440 -0.393372 -6.219608 
35.706030 0.019328 -0.651871 -7.125226 
35.744921 0.019446 -0.939846 -7.604685 
35.783413 0.019246 -1.228788 -7.296361 
35.821377 0.018982 -1.485925 -6.160417 
35.858334 0.018479 -1.685207 -4.599503 
35.892693 0.017179 -1.818248 -3.168901 
35.934327 0.020817 -1.920764 -1.818136 
36.001107 0.033390 -1.997453 -0.606409 
36.064447 0.031670 -2.019539 -0.144897 
36.135634 0.035594 -2.022305 0.041627 
36.232510 0.048438 -2.014196 0.112636 
36.385484 0.076487 -1.995132 0.131649 
36.693785 0.154151 -1.953528 0.137585 
37.772696 0.539455 -1.793969 0.159447 
38.679554 0.453429 -1.636521 0.189843 
39.314633 0.317539 -1.505181 0.226185 
