0.000000 1.000000 0.010000 0.000000
0.699030 0.349515 0.004527 -0.033741 
1.012364 0.156667 -0.018350 -0.147086 
1.222855 0.105246 -0.069688 -0.395157 
1.382229 0.079687 -0.161644 -0.831260 
1.520256 0.069014 -0.319136 -1.539759 
1.656296 0.068020 -0.594916 -2.560367 
1.830574 0.087139 -1.129945 -3.013803 
1.895782 0.032604 -1.311972 -2.483529 
1.968597 0.036408 -1.464039 -1.675718 
2.046169 0.038786 -1.562574 -0.922371 
2.120209 0.037020 -1.610723 -0.439547 
2.194942 0.037367 -1.631159 -0.152052 
2.277412 0.041235 -1.635386 0.017970 
2.375672 0.049130 -1.627774 0.115116 
2.499992 0.062160 -1.609354 0.167248 
2.668368 0.084188 -1.578161 0.195485 
2.917740 0.124686 -1.526313 0.217274 
3.346955 0.214607 -1.425373 0.256294 
4.254363 0.453704 -1.131465 0.482377 
4.510080 0.127859 -0.989494 0.664494 
4.709868 0.099894 -0.831030 0.980889 
4.852125 0.071129 -0.663273 1.455707 
4.957484 0.052680 -0.479342 2.132320 
5.039073 0.040794 -0.272532 3.046236 
5.107392 0.034160 -0.027229 4.247410 
5.175340 0.033974 0.314150 5.887529 
5.239769 0.032215 0.745933 7.360002 
5.277212 0.018721 1.029552 7.613314 
5.310253 0.016521 1.276460 7.159008 
5.345177 0.017462 1.508997 6.009745 
5.377683 0.016253 1.682287 4.615114 
5.419085 0.020701 1.836708 2.922554 
5.452153 0.016534 1.914718 1.878192 
5.486304 0.017076 1.964594 1.123150 
5.520413 0.017054 1.993534 0.633608 
5.557542 0.018564 2.010169 0.309150 
5.599725 0.021092 2.018109 0.102811 
5.649589 0.024932 2.019536 -0.019823 
5.711032 0.030721 2.015756 -0.085783 
5.790555 0.039761 2.007282 -0.116700 
5.900167 0.054806 1.993500 -0.129141 
6.064549 0.082191 1.971619 -0.134444 
6.338985 0.137218 1.933845 -0.139041 
6.835275 0.248145 1.861637 -0.141889 
7.148767 0.156746 1.813881 -0.150499 
7.448617 0.149925 1.766129 -0.161076 
7.789814 0.170599 1.708558 -0.172940 
8.270675 0.240431 1.620319 -0.192409 
9.076022 0.402673 1.446101 -0.251099 
9.774816 0.349397 1.242817 -0.369618 
10.351762 0.288473 0.968848 -0.698297 
10.522432 0.085335 0.829234 -0.984691 
10.665529 0.071548 0.659508 -1.467528 
10.770220 0.052346 0.475295 -2.148376 
10.851444 0.040612 0.267895 -3.067658 
10.919588 0.034072 0.021535 -4.275385 
10.987338 0.033875 -0.320872 -5.916827 
11.051812 0.032237 -0.754701 -7.377499 
11.088884 0.018536 -1.035744 -7.609753 
11.121871 0.016494 -1.281868 -7.140192 
11.156670 0.017399 -1.512750 -5.984144 
11.189225 0.016278 -1.685370 -4.585117 
11.231053 0.020914 -1.839841 -2.882746 
11.264144 0.016545 -1.916748 -1.848422 
11.298226 0.017041 -1.965712 -1.104545 
11.332400 0.017087 -1.994186 -0.621157 
11.369657 0.018628 -2.010502 -0.301051 
11.412040 0.021192 -2.018209 -0.097825 
11.462202 0.025081 -2.019456 0.022642 
11.524099 0.030948 -2.015525 0.087196 
11.604349 0.040125 -2.006900 0.117305 
11.715217 0.055434 -1.992920 0.129376 
11.881995 0.083389 -1.970695 0.134581 
12.161408 0.139707 -1.932189 0.139215 
12.666889 0.252741 -1.858430 0.141529 
12.962886 0.147998 -1.813386 0.151189 
13.248338 0.142726 -1.767977 0.161438 
13.598567 0.175115 -1.708912 0.173171 
14.131170 0.266302 -1.610601 0.194800 
15.103888 0.486359 -1.391180 0.280984 
15.773723 0.334918 -1.170988 0.432422 
16.164747 0.195512 -0.963484 0.703642 
16.342031 0.088642 -0.815919 1.014093 
16.481261 0.069615 -0.645859 1.509790 
16.583793 0.051266 -0.460320 2.207232 
16.663731 0.039969 -0.250737 3.146236 
16.731275 0.033772 -0.000403 4.378098 
16.798349 0.033537 0.345921 6.023539 
16.863051 0.032351 0.787567 7.436661 
16.898895 0.017922 1.059948 7.590868 
16.931686 0.016396 1.302974 7.062009 
16.966034 0.017174 1.527546 5.879966 
16.998824 0.016395 1.697592 4.463440 
17.042607 0.021892 1.852610 2.717224 
17.075785 0.016589 1.924933 1.726089 
17.109644 0.016930 1.970258 1.027193 
17.144128 0.017242 1.996797 0.569437 
17.181961 0.018917 2.011783 0.267521 
17.225235 0.021637 2.018513 0.077301 
17.276728 0.025746 2.019000 -0.034151 
17.340656 0.031964 2.014421 -0.092895 
17.424175 0.041759 2.005139 -0.119716 
17.540731 0.058278 1.990277 -0.130321 
17.718448 0.088859 1.966477 -0.135179 
18.020644 0.151098 1.924601 -0.139992 
18.566874 0.273115 1.843757 -0.138767 
18.823362 0.128244 1.804732 -0.152566 
19.062699 0.119669 1.766574 -0.162440 
19.404224 0.170762 1.708922 -0.173755 
20.024509 0.310143 1.593333 -0.200524 
20.974370 0.474930 1.375435 -0.299042 
21.563178 0.294404 1.177232 -0.426216 
22.021968 0.229395 0.927852 -0.770981 
22.180187 0.079109 0.784208 -1.097283 
22.311490 0.065652 0.610618 -1.632293 
22.408526 0.048518 0.421114 -2.374279 
22.485254 0.038364 0.205129 -3.366975 
22.551388 0.033067 -0.056829 -4.664631 
22.616886 0.032749 -0.414829 -6.314199 
22.682509 0.032812 -0.879377 -7.564096 
22.716004 0.016748 -1.134470 -7.502316 
22.748328 0.016162 -1.368080 -6.792980 
22.781589 0.016631 -1.574796 -5.534173 
22.815514 0.016963 -1.737565 -4.057021 
22.850584 0.017535 -1.854618 -2.690636 
22.883909 0.016662 -1.926429 -1.703384 
22.917731 0.016911 -1.971087 -1.012810 
22.952280 0.017274 -1.997268 -0.559822 
22.990228 0.018974 -2.012005 -0.261311 
23.033679 0.021725 -2.018552 -0.073522 
23.085437 0.025879 -2.018894 0.036252 
23.149771 0.032167 -2.014193 0.093924 
23.233945 0.042087 -2.004782 0.120146 
23.351650 0.058852 -1.989743 0.130492 
23.531595 0.089973 -1.965624 0.135295 
23.838438 0.153421 -1.923056 0.140145 
24.392704 0.277133 -1.840767 0.137934 
24.637799 0.122547 -1.803546 0.152843 
24.868353 0.115277 -1.766784 0.162509 
25.210113 0.170880 -1.709100 0.173783 
25.848683 0.319285 -1.589898 0.201729 
27.049803 0.600560 -1.304029 0.372678 
27.514908 0.232552 -1.115897 0.497153 
27.844216 0.164654 -0.915505 0.797822 
28.003583 0.079683 -0.764802 1.152087 
28.129789 0.063103 -0.589783 1.708771 
28.223839 0.047025 -0.397719 2.477801 
28.298845 0.037503 -0.177621 3.503087 
28.364313 0.032734 0.091982 4.840690 
28.429069 0.032378 0.457849 6.486730 
28.495507 0.033219 0.937406 7.607263 
28.528122 0.016308 1.184926 7.407125 
28.560321 0.016099 1.412472 6.576584 
28.593142 0.016410 1.608198 5.268553 
28.628390 0.017624 1.766745 3.742256 
28.657912 0.014761 1.859883 2.622836 
28.691295 0.016691 1.929847 1.653350 
28.725051 0.016878 1.973058 0.980792 
28.759744 0.017346 1.998436 0.538460 
28.797953 0.019104 2.012616 0.247546 
28.841804 0.021926 2.018752 0.065178 
28.894163 0.026179 2.018772 -0.040865 
28.959421 0.032629 2.013794 -0.096160 
29.045097 0.042838 2.004094 -0.121067 
29.165449 0.060176 1.988653 -0.130851 
29.350559 0.092555 1.963793 -0.135542 
29.668178 0.158810 1.919621 -0.140473 
30.240693 0.286257 1.833989 -0.135518 
30.462214 0.110760 1.800547 -0.153188 
30.674423 0.106104 1.766703 -0.162604 
31.009823 0.167700 1.710122 -0.173667 
31.659989 0.325083 1.588789 -0.202448 
32.734818 0.537415 1.337356 -0.338913 
33.330920 0.298051 1.110957 -0.501791 
33.638138 0.153609 0.924501 -0.779462 
33.801820 0.081841 0.773131 -1.128683 
33.929981 0.064080 0.598995 -1.675073 
34.025319 0.047669 0.408048 -2.432219 
34.101060 0.037871 0.189776 -3.443145 
34.166801 0.032870 -0.076400 -4.763146 
34.231861 0.032530 -0.438720 -6.411400 
34.297912 0.033025 -0.911560 -7.592259 
34.330874 0.016481 -1.162246 -7.454023 
34.363105 0.016115 -1.392477 -6.677923 
34.396091 0.016493 -1.593047 -5.391734 
34.430670 0.017289 -1.753403 -3.888604 
34.463387 0.016359 -1.859025 -2.634246 
34.496745 0.016679 -1.929275 -1.662075 
34.530511 0.016883 -1.972737 -0.986382 
34.565177 0.017333 -1.998253 -0.542191 
34.603338 0.019081 -2.012531 -0.249949 
34.647117 0.021889 -2.018738 -0.066632 
34.699367 0.026125 -2.018815 0.040062 
34.764459 0.032546 -2.013886 0.095771 
34.849865 0.042703 -2.004238 0.120906 
34.969740 0.059937 -1.988869 0.130786 
35.153917 0.092089 -1.964143 0.135495 
35.469594 0.157838 -1.920262 0.140412 
36.038851 0.284628 -1.835236 0.135994 
36.264303 0.112726 -1.801160 0.153146 
36.479581 0.107639 -1.766829 0.162582 
36.816719 0.168569 -1.709952 0.173691 
37.467715 0.325498 -1.588421 0.202505 
38.551531 0.541908 -1.334347 0.341420 
39.143700 0.296085 -1.107712 0.505671 
39.445244 0.150772 -0.923631 0.781278 
39.608826 0.081791 -0.771960 1.131970 
39.736689 0.063932 -0.597729 1.679700 
39.831848 0.047579 -0.406627 2.438485 
39.907487 0.037819 -0.188106 3.451385 
39.973188 0.032851 0.078536 4.773807 
