0.000000 0.000000 10.000000 
0.000000 0.100000 -10.000000 
0.000000 0.200000 -10.000000 
0.000000 0.300000 -10.000000 
0.000000 0.400000 -10.000000 
0.000000 0.500000 -10.000000 
0.000000 0.600000 -10.000000 
0.000000 0.700000 -10.000000 
0.000000 0.800000 -10.000000 
0.000000 0.900000 -10.000000 
0.000000 1.000000 -10.000000 
0.000000 1.100000 -10.000000 
0.000000 1.200000 -10.000000 
0.000000 1.300000 -10.000000 
0.000000 1.400000 -10.000000 
0.000000 1.500000 -10.000000 
0.000000 1.600000 -10.000000 
0.000000 1.700000 -10.000000 
0.000000 1.800000 -10.000000 
0.000000 1.900000 -10.000000 
0.000000 2.000000 -10.000000 
0.000000 2.100000 -10.000000 
0.000000 2.200000 -10.000000 
0.000000 2.300000 -10.000000 
0.000000 2.400000 -10.000000 
0.000000 2.500000 -10.000000 
0.000000 2.600000 -10.000000 
0.000000 2.700000 -10.000000 
0.000000 2.800000 -10.000000 
0.000000 2.900000 -10.000000 
0.000000 3.000000 -10.000000 
0.000000 3.100000 -10.000000 
0.000000 3.200000 -10.000000 
0.000000 3.300000 -10.000000 
0.000000 3.400000 -10.000000 
0.000000 3.500000 -10.000000 
0.000000 3.600000 -10.000000 
0.000000 3.700000 -10.000000 
0.000000 3.800000 -10.000000 
0.000000 3.900000 -10.000000 
0.000000 4.000000 -10.000000 
0.000000 4.100000 -10.000000 
0.000000 4.200000 -10.000000 
0.000000 4.300000 -10.000000 
0.000000 4.400000 -10.000000 
0.000000 4.500000 -10.000000 
0.000000 4.600000 -10.000000 
0.000000 4.700000 -10.000000 
0.000000 4.800000 -10.000000 
0.000000 4.900000 -10.000000 
0.000000 5.000000 10.000000 

0.100000 0.000000 10.000000 
0.100000 0.100000 -0.000000 
0.100000 0.200000 -3.952997 
0.100000 0.300000 -5.811987 
0.100000 0.400000 -6.829516 
0.100000 0.500000 -7.456325 
0.100000 0.600000 -7.877379 
0.100000 0.700000 -8.178490 
0.100000 0.800000 -8.403908 
0.100000 0.900000 -8.578515 
0.100000 1.000000 -8.717304 
0.100000 1.100000 -8.829821 
0.100000 1.200000 -8.922419 
0.100000 1.300000 -8.999480 
0.100000 1.400000 -9.064114 
0.100000 1.500000 -9.118587 
0.100000 1.600000 -9.164575 
0.100000 1.700000 -9.203343 
0.100000 1.800000 -9.235851 
0.100000 1.900000 -9.262839 
0.100000 2.000000 -9.284871 
0.100000 2.100000 -9.302380 
0.100000 2.200000 -9.315690 
0.100000 2.300000 -9.325039 
0.100000 2.400000 -9.330586 
0.100000 2.500000 -9.332425 
0.100000 2.600000 -9.330586 
0.100000 2.700000 -9.325039 
0.100000 2.800000 -9.315690 
0.100000 2.900000 -9.302380 
0.100000 3.000000 -9.284871 
0.100000 3.100000 -9.262839 
0.100000 3.200000 -9.235851 
0.100000 3.300000 -9.203343 
0.100000 3.400000 -9.164575 
0.100000 3.500000 -9.118587 
0.100000 3.600000 -9.064114 
0.100000 3.700000 -8.999480 
0.100000 3.800000 -8.922419 
0.100000 3.900000 -8.829821 
0.100000 4.000000 -8.717304 
0.100000 4.100000 -8.578515 
0.100000 4.200000 -8.403908 
0.100000 4.300000 -8.178490 
0.100000 4.400000 -7.877379 
0.100000 4.500000 -7.456325 
0.100000 4.600000 -6.829516 
0.100000 4.700000 -5.811987 
0.100000 4.800000 -3.952997 
0.100000 4.900000 0.000000 
0.100000 5.000000 10.000000 

0.200000 0.000000 10.000000 
0.200000 0.100000 3.952997 
0.200000 0.200000 -0.000000 
0.200000 0.300000 -2.465434 
0.200000 0.400000 -4.049751 
0.200000 0.500000 -5.118405 
0.200000 0.600000 -5.874703 
0.200000 0.700000 -6.432672 
0.200000 0.800000 -6.858626 
0.200000 0.900000 -7.192847 
0.200000 1.000000 -7.460880 
0.200000 1.100000 -7.679562 
0.200000 1.200000 -7.860376 
0.200000 1.300000 -8.011385 
0.200000 1.400000 -8.138391 
0.200000 1.500000 -8.245657 
0.200000 1.600000 -8.336370 
0.200000 1.700000 -8.412944 
0.200000 1.800000 -8.477224 
0.200000 1.900000 -8.530633 
0.200000 2.000000 -8.574265 
0.200000 2.100000 -8.608958 
0.200000 2.200000 -8.635342 
0.200000 2.300000 -8.653879 
0.200000 2.400000 -8.664880 
0.200000 2.500000 -8.668527 
0.200000 2.600000 -8.664880 
0.200000 2.700000 -8.653879 
0.200000 2.800000 -8.635342 
0.200000 2.900000 -8.608958 
0.200000 3.000000 -8.574265 
0.200000 3.100000 -8.530633 
0.200000 3.200000 -8.477224 
0.200000 3.300000 -8.412944 
0.200000 3.400000 -8.336370 
0.200000 3.500000 -8.245657 
0.200000 3.600000 -8.138391 
0.200000 3.700000 -8.011385 
0.200000 3.800000 -7.860376 
0.200000 3.900000 -7.679562 
0.200000 4.000000 -7.460880 
0.200000 4.100000 -7.192847 
0.200000 4.200000 -6.858626 
0.200000 4.300000 -6.432672 
0.200000 4.400000 -5.874703 
0.200000 4.500000 -5.118405 
0.200000 4.600000 -4.049751 
0.200000 4.700000 -2.465434 
0.200000 4.800000 0.000000 
0.200000 4.900000 3.952997 
0.200000 5.000000 10.000000 

0.300000 0.000000 10.000000 
0.300000 0.100000 5.811987 
0.300000 0.200000 2.465434 
0.300000 0.300000 -0.000000 
0.300000 0.400000 -1.785648 
0.300000 0.500000 -3.092842 
0.300000 0.600000 -4.070354 
0.300000 0.700000 -4.818871 
0.300000 0.800000 -5.405077 
0.300000 0.900000 -5.873369 
0.300000 1.000000 -6.253806 
0.300000 1.100000 -6.567170 
0.300000 1.200000 -6.828138 
0.300000 1.300000 -7.047293 
0.300000 1.400000 -7.232407 
0.300000 1.500000 -7.389281 
0.300000 1.600000 -7.522305 
0.300000 1.700000 -7.634838 
0.300000 1.800000 -7.729469 
0.300000 1.900000 -7.808205 
0.300000 2.000000 -7.872598 
0.300000 2.100000 -7.923844 
0.300000 2.200000 -7.962843 
0.300000 2.300000 -7.990254 
0.300000 2.400000 -8.006527 
0.300000 2.500000 -8.011923 
0.300000 2.600000 -8.006527 
0.300000 2.700000 -7.990254 
0.300000 2.800000 -7.962843 
0.300000 2.900000 -7.923844 
0.300000 3.000000 -7.872598 
0.300000 3.100000 -7.808205 
0.300000 3.200000 -7.729469 
0.300000 3.300000 -7.634838 
0.300000 3.400000 -7.522305 
0.300000 3.500000 -7.389281 
0.300000 3.600000 -7.232407 
0.300000 3.700000 -7.047293 
0.300000 3.800000 -6.828138 
0.300000 3.900000 -6.567170 
0.300000 4.000000 -6.253806 
0.300000 4.100000 -5.873369 
0.300000 4.200000 -5.405077 
0.300000 4.300000 -4.818871 
0.300000 4.400000 -4.070354 
0.300000 4.500000 -3.092842 
0.300000 4.600000 -1.785648 
0.300000 4.700000 0.000000 
0.300000 4.800000 2.465434 
0.300000 4.900000 5.811987 
0.300000 5.000000 10.000000 

0.400000 0.000000 10.000000 
0.400000 0.100000 6.829516 
0.400000 0.200000 4.049751 
0.400000 0.300000 1.785648 
0.400000 0.400000 -0.000000 
0.400000 0.500000 -1.396960 
0.400000 0.600000 -2.495000 
0.400000 0.700000 -3.367381 
0.400000 0.800000 -4.069441 
0.400000 0.900000 -4.641745 
0.400000 1.000000 -5.113806 
0.400000 1.100000 -5.507173 
0.400000 1.200000 -5.837713 
0.400000 1.300000 -6.117242 
0.400000 1.400000 -6.354664 
0.400000 1.500000 -6.556756 
0.400000 1.600000 -6.728732 
0.400000 1.700000 -6.874633 
0.400000 1.800000 -6.997609 
0.400000 1.900000 -7.100119 
0.400000 2.000000 -7.184080 
0.400000 2.100000 -7.250976 
0.400000 2.200000 -7.301930 
0.400000 2.300000 -7.337768 
0.400000 2.400000 -7.359053 
0.400000 2.500000 -7.366112 
0.400000 2.600000 -7.359053 
0.400000 2.700000 -7.337768 
0.400000 2.800000 -7.301930 
0.400000 2.900000 -7.250976 
0.400000 3.000000 -7.184080 
0.400000 3.100000 -7.100119 
0.400000 3.200000 -6.997609 
0.400000 3.300000 -6.874633 
0.400000 3.400000 -6.728732 
0.400000 3.500000 -6.556756 
0.400000 3.600000 -6.354664 
0.400000 3.700000 -6.117242 
0.400000 3.800000 -5.837713 
0.400000 3.900000 -5.507173 
0.400000 4.000000 -5.113806 
0.400000 4.100000 -4.641745 
0.400000 4.200000 -4.069441 
0.400000 4.300000 -3.367381 
0.400000 4.400000 -2.495000 
0.400000 4.500000 -1.396960 
0.400000 4.600000 0.000000 
0.400000 4.700000 1.785648 
0.400000 4.800000 4.049751 
0.400000 4.900000 6.829516 
0.400000 5.000000 10.000000 

0.500000 0.000000 10.000000 
0.500000 0.100000 7.456325 
0.500000 0.200000 5.118405 
0.500000 0.300000 3.092842 
0.500000 0.400000 1.396960 
0.500000 0.500000 -0.000000 
0.500000 0.600000 -1.145303 
0.500000 0.700000 -2.086214 
0.500000 0.800000 -2.863561 
0.500000 0.900000 -3.510362 
0.500000 1.000000 -4.052502 
0.500000 1.100000 -4.510003 
0.500000 1.200000 -4.898297 
0.500000 1.300000 -5.229300 
0.500000 1.400000 -5.512249 
0.500000 1.500000 -5.754346 
0.500000 1.600000 -5.961233 
0.500000 1.700000 -6.137355 
0.500000 1.800000 -6.286215 
0.500000 1.900000 -6.410581 
0.500000 2.000000 -6.512628 
0.500000 2.100000 -6.594048 
0.500000 2.200000 -6.656134 
0.500000 2.300000 -6.699836 
0.500000 2.400000 -6.725803 
0.500000 2.500000 -6.734418 
0.500000 2.600000 -6.725803 
0.500000 2.700000 -6.699836 
0.500000 2.800000 -6.656134 
0.500000 2.900000 -6.594048 
0.500000 3.000000 -6.512628 
0.500000 3.100000 -6.410581 
0.500000 3.200000 -6.286215 
0.500000 3.300000 -6.137355 
0.500000 3.400000 -5.961233 
0.500000 3.500000 -5.754346 
0.500000 3.600000 -5.512249 
0.500000 3.700000 -5.229300 
0.500000 3.800000 -4.898297 
0.500000 3.900000 -4.510003 
0.500000 4.000000 -4.052502 
0.500000 4.100000 -3.510362 
0.500000 4.200000 -2.863561 
0.500000 4.300000 -2.086214 
0.500000 4.400000 -1.145303 
0.500000 4.500000 0.000000 
0.500000 4.600000 1.396960 
0.500000 4.700000 3.092842 
0.500000 4.800000 5.118405 
0.500000 4.900000 7.456325 
0.500000 5.000000 10.000000 

0.600000 0.000000 10.000000 
0.600000 0.100000 7.877379 
0.600000 0.200000 5.874703 
0.600000 0.300000 4.070354 
0.600000 0.400000 2.495000 
0.600000 0.500000 1.145303 
0.600000 0.600000 -0.000000 
0.600000 0.700000 -0.968610 
0.600000 0.800000 -1.788226 
0.600000 0.900000 -2.483642 
0.600000 1.000000 -3.075837 
0.600000 1.100000 -3.582039 
0.600000 1.200000 -4.016174 
0.600000 1.300000 -4.389412 
0.600000 1.400000 -4.710687 
0.600000 1.500000 -4.987144 
0.600000 1.600000 -5.224501 
0.600000 1.700000 -5.427337 
0.600000 1.800000 -5.599315 
0.600000 1.900000 -5.743362 
0.600000 2.000000 -5.861802 
0.600000 2.100000 -5.956456 
0.600000 2.200000 -6.028723 
0.600000 2.300000 -6.079636 
0.600000 2.400000 -6.109908 
0.600000 2.500000 -6.119952 
0.600000 2.600000 -6.109908 
0.600000 2.700000 -6.079636 
0.600000 2.800000 -6.028723 
0.600000 2.900000 -5.956456 
0.600000 3.000000 -5.861802 
0.600000 3.100000 -5.743362 
0.600000 3.200000 -5.599315 
0.600000 3.300000 -5.427337 
0.600000 3.400000 -5.224501 
0.600000 3.500000 -4.987144 
0.600000 3.600000 -4.710687 
0.600000 3.700000 -4.389412 
0.600000 3.800000 -4.016174 
0.600000 3.900000 -3.582039 
0.600000 4.000000 -3.075837 
0.600000 4.100000 -2.483642 
0.600000 4.200000 -1.788226 
0.600000 4.300000 -0.968610 
0.600000 4.400000 0.000000 
0.600000 4.500000 1.145303 
0.600000 4.600000 2.495000 
0.600000 4.700000 4.070354 
0.600000 4.800000 5.874703 
0.600000 4.900000 7.877379 
0.600000 5.000000 10.000000 

0.700000 0.000000 10.000000 
0.700000 0.100000 8.178490 
0.700000 0.200000 6.432672 
0.700000 0.300000 4.818871 
0.700000 0.400000 3.367381 
0.700000 0.500000 2.086214 
0.700000 0.600000 0.968610 
0.700000 0.700000 -0.000000 
0.700000 0.800000 -0.837092 
0.700000 0.900000 -1.560142 
0.700000 1.000000 -2.185165 
0.700000 1.100000 -2.726144 
0.700000 1.200000 -3.194948 
0.700000 1.300000 -3.601485 
0.700000 1.400000 -3.953942 
0.700000 1.500000 -4.259043 
0.700000 1.600000 -4.522291 
0.700000 1.700000 -4.748176 
0.700000 1.800000 -4.940345 
0.700000 1.900000 -5.101752 
0.700000 2.000000 -5.234763 
0.700000 2.100000 -5.341251 
0.700000 2.200000 -5.422664 
0.700000 2.300000 -5.480079 
0.700000 2.400000 -5.514238 
0.700000 2.500000 -5.525577 
0.700000 2.600000 -5.514238 
0.700000 2.700000 -5.480079 
0.700000 2.800000 -5.422664 
0.700000 2.900000 -5.341251 
0.700000 3.000000 -5.234763 
0.700000 3.100000 -5.101752 
0.700000 3.200000 -4.940345 
0.700000 3.300000 -4.748176 
0.700000 3.400000 -4.522291 
0.700000 3.500000 -4.259043 
0.700000 3.600000 -3.953942 
0.700000 3.700000 -3.601485 
0.700000 3.800000 -3.194948 
0.700000 3.900000 -2.726144 
0.700000 4.000000 -2.185165 
0.700000 4.100000 -1.560142 
0.700000 4.200000 -0.837092 
0.700000 4.300000 0.000000 
0.700000 4.400000 0.968610 
0.700000 4.500000 2.086214 
0.700000 4.600000 3.367381 
0.700000 4.700000 4.818871 
0.700000 4.800000 6.432672 
0.700000 4.900000 8.178490 
0.700000 5.000000 10.000000 

0.800000 0.000000 10.000000 
0.800000 0.100000 8.403908 
0.800000 0.200000 6.858626 
0.800000 0.300000 5.405077 
0.800000 0.400000 4.069441 
0.800000 0.500000 2.863561 
0.800000 0.600000 1.788226 
0.800000 0.700000 0.837092 
0.800000 0.800000 -0.000000 
0.800000 0.900000 -0.734670 
0.800000 1.000000 -1.378536 
0.800000 1.100000 -1.942422 
0.800000 1.200000 -2.435989 
0.800000 1.300000 -2.867640 
0.800000 1.400000 -3.244553 
0.800000 1.500000 -3.572795 
0.800000 1.600000 -3.857445 
0.800000 1.700000 -4.102729 
0.800000 1.800000 -4.312139 
0.800000 1.900000 -4.488537 
0.800000 2.000000 -4.634246 
0.800000 2.100000 -4.751120 
0.800000 2.200000 -4.840605 
0.800000 2.300000 -4.903778 
0.800000 2.400000 -4.941390 
0.800000 2.500000 -4.953878 
0.800000 2.600000 -4.941390 
0.800000 2.700000 -4.903778 
0.800000 2.800000 -4.840605 
0.800000 2.900000 -4.751120 
0.800000 3.000000 -4.634246 
0.800000 3.100000 -4.488537 
0.800000 3.200000 -4.312139 
0.800000 3.300000 -4.102729 
0.800000 3.400000 -3.857445 
0.800000 3.500000 -3.572795 
0.800000 3.600000 -3.244553 
0.800000 3.700000 -2.867640 
0.800000 3.800000 -2.435989 
0.800000 3.900000 -1.942422 
0.800000 4.000000 -1.378536 
0.800000 4.100000 -0.734670 
0.800000 4.200000 0.000000 
0.800000 4.300000 0.837092 
0.800000 4.400000 1.788226 
0.800000 4.500000 2.863561 
0.800000 4.600000 4.069441 
0.800000 4.700000 5.405077 
0.800000 4.800000 6.858626 
0.800000 4.900000 8.403908 
0.800000 5.000000 10.000000 

0.900000 0.000000 10.000000 
0.900000 0.100000 8.578515 
0.900000 0.200000 7.192847 
0.900000 0.300000 5.873369 
0.900000 0.400000 4.641745 
0.900000 0.500000 3.510362 
0.900000 0.600000 2.483642 
0.900000 0.700000 1.560142 
0.900000 0.800000 0.734670 
0.900000 0.900000 -0.000000 
0.900000 1.000000 -0.651889 
0.900000 1.100000 -1.229019 
0.900000 1.200000 -1.738947 
0.900000 1.300000 -2.188531 
0.900000 1.400000 -2.583837 
0.900000 1.500000 -2.930139 
0.900000 1.600000 -3.231966 
0.900000 1.700000 -3.493157 
0.900000 1.800000 -3.716943 
0.900000 1.900000 -3.906011 
0.900000 2.000000 -4.062564 
0.900000 2.100000 -4.188380 
0.900000 2.200000 -4.284856 
0.900000 2.300000 -4.353040 
0.900000 2.400000 -4.393663 
0.900000 2.500000 -4.407157 
0.900000 2.600000 -4.393663 
0.900000 2.700000 -4.353040 
0.900000 2.800000 -4.284856 
0.900000 2.900000 -4.188380 
0.900000 3.000000 -4.062564 
0.900000 3.100000 -3.906011 
0.900000 3.200000 -3.716943 
0.900000 3.300000 -3.493157 
0.900000 3.400000 -3.231966 
0.900000 3.500000 -2.930139 
0.900000 3.600000 -2.583837 
0.900000 3.700000 -2.188531 
0.900000 3.800000 -1.738947 
0.900000 3.900000 -1.229019 
0.900000 4.000000 -0.651889 
0.900000 4.100000 0.000000 
0.900000 4.200000 0.734670 
0.900000 4.300000 1.560142 
0.900000 4.400000 2.483642 
0.900000 4.500000 3.510362 
0.900000 4.600000 4.641745 
0.900000 4.700000 5.873369 
0.900000 4.800000 7.192847 
0.900000 4.900000 8.578515 
0.900000 5.000000 10.000000 

1.000000 0.000000 10.000000 
1.000000 0.100000 8.717304 
1.000000 0.200000 7.460880 
1.000000 0.300000 6.253806 
1.000000 0.400000 5.113806 
1.000000 0.500000 4.052502 
1.000000 0.600000 3.075837 
1.000000 0.700000 2.185165 
1.000000 0.800000 1.378536 
1.000000 0.900000 0.651889 
1.000000 1.000000 -0.000000 
1.000000 1.100000 -0.582817 
1.000000 1.200000 -1.102250 
1.000000 1.300000 -1.563699 
1.000000 1.400000 -1.972122 
1.000000 1.500000 -2.331960 
1.000000 1.600000 -2.647120 
1.000000 1.700000 -2.920990 
1.000000 1.800000 -3.156467 
1.000000 1.900000 -3.355999 
1.000000 2.000000 -3.521618 
1.000000 2.100000 -3.654980 
1.000000 2.200000 -3.757398 
1.000000 2.300000 -3.829862 
1.000000 2.400000 -3.873067 
1.000000 2.500000 -3.887423 
1.000000 2.600000 -3.873067 
1.000000 2.700000 -3.829862 
1.000000 2.800000 -3.757398 
1.000000 2.900000 -3.654981 
1.000000 3.000000 -3.521618 
1.000000 3.100000 -3.355999 
1.000000 3.200000 -3.156467 
1.000000 3.300000 -2.920990 
1.000000 3.400000 -2.647120 
1.000000 3.500000 -2.331960 
1.000000 3.600000 -1.972122 
1.000000 3.700000 -1.563699 
1.000000 3.800000 -1.102250 
1.000000 3.900000 -0.582817 
1.000000 4.000000 0.000000 
1.000000 4.100000 0.651889 
1.000000 4.200000 1.378536 
1.000000 4.300000 2.185165 
1.000000 4.400000 3.075837 
1.000000 4.500000 4.052502 
1.000000 4.600000 5.113806 
1.000000 4.700000 6.253806 
1.000000 4.800000 7.460880 
1.000000 4.900000 8.717304 
1.000000 5.000000 10.000000 

1.100000 0.000000 10.000000 
1.100000 0.100000 8.829821 
1.100000 0.200000 7.679562 
1.100000 0.300000 6.567170 
1.100000 0.400000 5.507173 
1.100000 0.500000 4.510003 
1.100000 0.600000 3.582039 
1.100000 0.700000 2.726144 
1.100000 0.800000 1.942422 
1.100000 0.900000 1.229019 
1.100000 1.000000 0.582817 
1.100000 1.100000 -0.000000 
1.100000 1.200000 -0.523536 
1.100000 1.300000 -0.991894 
1.100000 1.400000 -1.408994 
1.100000 1.500000 -1.778459 
1.100000 1.600000 -2.103566 
1.100000 1.700000 -2.387215 
1.100000 1.800000 -2.631937 
1.100000 1.900000 -2.839900 
1.100000 2.000000 -3.012928 
1.100000 2.100000 -3.152526 
1.100000 2.200000 -3.259893 
1.100000 2.300000 -3.335943 
1.100000 2.400000 -3.381319 
1.100000 2.500000 -3.396403 
1.100000 2.600000 -3.381319 
1.100000 2.700000 -3.335943 
1.100000 2.800000 -3.259893 
1.100000 2.900000 -3.152526 
1.100000 3.000000 -3.012928 
1.100000 3.100000 -2.839900 
1.100000 3.200000 -2.631937 
1.100000 3.300000 -2.387215 
1.100000 3.400000 -2.103566 
1.100000 3.500000 -1.778459 
1.100000 3.600000 -1.408994 
1.100000 3.700000 -0.991894 
1.100000 3.800000 -0.523536 
1.100000 3.900000 0.000000 
1.100000 4.000000 0.582817 
1.100000 4.100000 1.229019 
1.100000 4.200000 1.942422 
1.100000 4.300000 2.726144 
1.100000 4.400000 3.582039 
1.100000 4.500000 4.510003 
1.100000 4.600000 5.507173 
1.100000 4.700000 6.567170 
1.100000 4.800000 7.679562 
1.100000 4.900000 8.829821 
1.100000 5.000000 10.000000 

1.200000 0.000000 10.000000 
1.200000 0.100000 8.922419 
1.200000 0.200000 7.860376 
1.200000 0.300000 6.828138 
1.200000 0.400000 5.837713 
1.200000 0.500000 4.898297 
1.200000 0.600000 4.016174 
1.200000 0.700000 3.194948 
1.200000 0.800000 2.435989 
1.200000 0.900000 1.738947 
1.200000 1.000000 1.102250 
1.200000 1.100000 0.523536 
1.200000 1.200000 -0.000000 
1.200000 1.300000 -0.471348 
1.200000 1.400000 -0.893499 
1.200000 1.500000 -1.269317 
1.200000 1.600000 -1.601468 
1.200000 1.700000 -1.892368 
1.200000 1.800000 -2.144166 
1.200000 1.900000 -2.358734 
1.200000 2.000000 -2.537670 
1.200000 2.100000 -2.682303 
1.200000 2.200000 -2.793705 
1.200000 2.300000 -2.872699 
1.200000 2.400000 -2.919864 
1.200000 2.500000 -2.935548 
1.200000 2.600000 -2.919864 
1.200000 2.700000 -2.872699 
1.200000 2.800000 -2.793705 
1.200000 2.900000 -2.682303 
1.200000 3.000000 -2.537670 
1.200000 3.100000 -2.358734 
1.200000 3.200000 -2.144166 
1.200000 3.300000 -1.892368 
1.200000 3.400000 -1.601468 
1.200000 3.500000 -1.269317 
1.200000 3.600000 -0.893499 
1.200000 3.700000 -0.471348 
1.200000 3.800000 0.000000 
1.200000 3.900000 0.523536 
1.200000 4.000000 1.102250 
1.200000 4.100000 1.738947 
1.200000 4.200000 2.435989 
1.200000 4.300000 3.194948 
1.200000 4.400000 4.016174 
1.200000 4.500000 4.898297 
1.200000 4.600000 5.837713 
1.200000 4.700000 6.828138 
1.200000 4.800000 7.860376 
1.200000 4.900000 8.922419 
1.200000 5.000000 10.000000 

1.300000 0.000000 10.000000 
1.300000 0.100000 8.999480 
1.300000 0.200000 8.011385 
1.300000 0.300000 7.047293 
1.300000 0.400000 6.117242 
1.300000 0.500000 5.229300 
1.300000 0.600000 4.389412 
1.300000 0.700000 3.601485 
1.300000 0.800000 2.867640 
1.300000 0.900000 2.188531 
1.300000 1.000000 1.563699 
1.300000 1.100000 0.991894 
1.300000 1.200000 0.471348 
1.300000 1.300000 -0.000000 
1.300000 1.400000 -0.424335 
1.300000 1.500000 -0.803843 
1.300000 1.600000 -1.140620 
1.300000 1.700000 -1.436623 
1.300000 1.800000 -1.693626 
1.300000 1.900000 -1.913201 
1.300000 2.000000 -2.096714 
1.300000 2.100000 -2.245311 
1.300000 2.200000 -2.359926 
1.300000 2.300000 -2.441282 
1.300000 2.400000 -2.489892 
1.300000 2.500000 -2.506061 
1.300000 2.600000 -2.489892 
1.300000 2.700000 -2.441282 
1.300000 2.800000 -2.359926 
1.300000 2.900000 -2.245311 
1.300000 3.000000 -2.096714 
1.300000 3.100000 -1.913201 
1.300000 3.200000 -1.693626 
1.300000 3.300000 -1.436623 
1.300000 3.400000 -1.140620 
1.300000 3.500000 -0.803843 
1.300000 3.600000 -0.424335 
1.300000 3.700000 0.000000 
1.300000 3.800000 0.471348 
1.300000 3.900000 0.991894 
1.300000 4.000000 1.563699 
1.300000 4.100000 2.188531 
1.300000 4.200000 2.867640 
1.300000 4.300000 3.601485 
1.300000 4.400000 4.389412 
1.300000 4.500000 5.229300 
1.300000 4.600000 6.117242 
1.300000 4.700000 7.047293 
1.300000 4.800000 8.011385 
1.300000 4.900000 8.999480 
1.300000 5.000000 10.000000 

1.400000 0.000000 10.000000 
1.400000 0.100000 9.064114 
1.400000 0.200000 8.138391 
1.400000 0.300000 7.232407 
1.400000 0.400000 6.354664 
1.400000 0.500000 5.512249 
1.400000 0.600000 4.710687 
1.400000 0.700000 3.953942 
1.400000 0.800000 3.244553 
1.400000 0.900000 2.583837 
1.400000 1.000000 1.972122 
1.400000 1.100000 1.408994 
1.400000 1.200000 0.893499 
1.400000 1.300000 0.424335 
1.400000 1.400000 -0.000000 
1.400000 1.500000 -0.381098 
1.400000 1.600000 -0.720548 
1.400000 1.700000 -1.019879 
1.400000 1.800000 -1.280511 
1.400000 1.900000 -1.503732 
1.400000 2.000000 -1.690673 
1.400000 2.100000 -1.842300 
1.400000 2.200000 -1.959407 
1.400000 2.300000 -2.042612 
1.400000 2.400000 -2.092359 
1.400000 2.500000 -2.108911 
1.400000 2.600000 -2.092359 
1.400000 2.700000 -2.042612 
1.400000 2.800000 -1.959407 
1.400000 2.900000 -1.842300 
1.400000 3.000000 -1.690673 
1.400000 3.100000 -1.503732 
1.400000 3.200000 -1.280511 
1.400000 3.300000 -1.019879 
1.400000 3.400000 -0.720548 
1.400000 3.500000 -0.381098 
1.400000 3.600000 0.000000 
1.400000 3.700000 0.424335 
1.400000 3.800000 0.893499 
1.400000 3.900000 1.408994 
1.400000 4.000000 1.972122 
1.400000 4.100000 2.583837 
1.400000 4.200000 3.244553 
1.400000 4.300000 3.953942 
1.400000 4.400000 4.710687 
1.400000 4.500000 5.512249 
1.400000 4.600000 6.354664 
1.400000 4.700000 7.232407 
1.400000 4.800000 8.138391 
1.400000 4.900000 9.064114 
1.400000 5.000000 10.000000 

1.500000 0.000000 10.000000 
1.500000 0.100000 9.118587 
1.500000 0.200000 8.245657 
1.500000 0.300000 7.389281 
1.500000 0.400000 6.556756 
1.500000 0.500000 5.754346 
1.500000 0.600000 4.987144 
1.500000 0.700000 4.259043 
1.500000 0.800000 3.572795 
1.500000 0.900000 2.930139 
1.500000 1.000000 2.331960 
1.500000 1.100000 1.778459 
1.500000 1.200000 1.269317 
1.500000 1.300000 0.803843 
1.500000 1.400000 0.381098 
1.500000 1.500000 -0.000000 
1.500000 1.600000 -0.340595 
1.500000 1.700000 -0.641832 
1.500000 1.800000 -0.904809 
1.500000 1.900000 -1.130543 
1.500000 2.000000 -1.319946 
1.500000 2.100000 -1.473809 
1.500000 2.200000 -1.592788 
1.500000 2.300000 -1.677401 
1.500000 2.400000 -1.728020 
1.500000 2.500000 -1.744868 
1.500000 2.600000 -1.728020 
1.500000 2.700000 -1.677401 
1.500000 2.800000 -1.592788 
1.500000 2.900000 -1.473809 
1.500000 3.000000 -1.319946 
1.500000 3.100000 -1.130543 
1.500000 3.200000 -0.904809 
1.500000 3.300000 -0.641832 
1.500000 3.400000 -0.340595 
1.500000 3.500000 0.000000 
1.500000 3.600000 0.381098 
1.500000 3.700000 0.803843 
1.500000 3.800000 1.269317 
1.500000 3.900000 1.778459 
1.500000 4.000000 2.331960 
1.500000 4.100000 2.930139 
1.500000 4.200000 3.572795 
1.500000 4.300000 4.259043 
1.500000 4.400000 4.987144 
1.500000 4.500000 5.754346 
1.500000 4.600000 6.556756 
1.500000 4.700000 7.389281 
1.500000 4.800000 8.245657 
1.500000 4.900000 9.118587 
1.500000 5.000000 10.000000 

1.600000 0.000000 10.000000 
1.600000 0.100000 9.164575 
1.600000 0.200000 8.336370 
1.600000 0.300000 7.522305 
1.600000 0.400000 6.728732 
1.600000 0.500000 5.961233 
1.600000 0.600000 5.224501 
1.600000 0.700000 4.522291 
1.600000 0.800000 3.857445 
1.600000 0.900000 3.231966 
1.600000 1.000000 2.647120 
1.600000 1.100000 2.103566 
1.600000 1.200000 1.601468 
1.600000 1.300000 1.140620 
1.600000 1.400000 0.720548 
1.600000 1.500000 0.340595 
1.600000 1.600000 -0.000000 
1.600000 1.700000 -0.302045 
1.600000 1.800000 -0.566349 
1.600000 1.900000 -0.793684 
1.600000 2.000000 -0.984760 
1.600000 2.100000 -1.140201 
1.600000 2.200000 -1.260536 
1.600000 2.300000 -1.346185 
1.600000 2.400000 -1.397452 
1.600000 2.500000 -1.414520 
1.600000 2.600000 -1.397452 
1.600000 2.700000 -1.346185 
1.600000 2.800000 -1.260536 
1.600000 2.900000 -1.140201 
1.600000 3.000000 -0.984760 
1.600000 3.100000 -0.793684 
1.600000 3.200000 -0.566349 
1.600000 3.300000 -0.302045 
1.600000 3.400000 0.000000 
1.600000 3.500000 0.340595 
1.600000 3.600000 0.720548 
1.600000 3.700000 1.140620 
1.600000 3.800000 1.601468 
1.600000 3.900000 2.103566 
1.600000 4.000000 2.647120 
1.600000 4.100000 3.231966 
1.600000 4.200000 3.857445 
1.600000 4.300000 4.522291 
1.600000 4.400000 5.224501 
1.600000 4.500000 5.961233 
1.600000 4.600000 6.728732 
1.600000 4.700000 7.522305 
1.600000 4.800000 8.336370 
1.600000 4.900000 9.164575 
1.600000 5.000000 10.000000 

1.700000 0.000000 10.000000 
1.700000 0.100000 9.203343 
1.700000 0.200000 8.412944 
1.700000 0.300000 7.634838 
1.700000 0.400000 6.874633 
1.700000 0.500000 6.137355 
1.700000 0.600000 5.427337 
1.700000 0.700000 4.748176 
1.700000 0.800000 4.102729 
1.700000 0.900000 3.493157 
1.700000 1.000000 2.920990 
1.700000 1.100000 2.387215 
1.700000 1.200000 1.892368 
1.700000 1.300000 1.436623 
1.700000 1.400000 1.019879 
1.700000 1.500000 0.641832 
1.700000 1.600000 0.302045 
1.700000 1.700000 -0.000000 
1.700000 1.800000 -0.264859 
1.700000 1.900000 -0.493086 
1.700000 2.000000 -0.685207 
1.700000 2.100000 -0.841699 
1.700000 2.200000 -0.962971 
1.700000 2.300000 -1.049351 
1.700000 2.400000 -1.101081 
1.700000 2.500000 -1.118308 
1.700000 2.600000 -1.101081 
1.700000 2.700000 -1.049351 
1.700000 2.800000 -0.962971 
1.700000 2.900000 -0.841699 
1.700000 3.000000 -0.685207 
1.700000 3.100000 -0.493086 
1.700000 3.200000 -0.264859 
1.700000 3.300000 0.000000 
1.700000 3.400000 0.302045 
1.700000 3.500000 0.641832 
1.700000 3.600000 1.019879 
1.700000 3.700000 1.436623 
1.700000 3.800000 1.892368 
1.700000 3.900000 2.387215 
1.700000 4.000000 2.920990 
1.700000 4.100000 3.493157 
1.700000 4.200000 4.102729 
1.700000 4.300000 4.748176 
1.700000 4.400000 5.427337 
1.700000 4.500000 6.137355 
1.700000 4.600000 6.874633 
1.700000 4.700000 7.634838 
1.700000 4.800000 8.412944 
1.700000 4.900000 9.203343 
1.700000 5.000000 10.000000 

1.800000 0.000000 10.000000 
1.800000 0.100000 9.235851 
1.800000 0.200000 8.477224 
1.800000 0.300000 7.729469 
1.800000 0.400000 6.997609 
1.800000 0.500000 6.286215 
1.800000 0.600000 5.599315 
1.800000 0.700000 4.940345 
1.800000 0.800000 4.312139 
1.800000 0.900000 3.716943 
1.800000 1.000000 3.156467 
1.800000 1.100000 2.631937 
1.800000 1.200000 2.144166 
1.800000 1.300000 1.693626 
1.800000 1.400000 1.280511 
1.800000 1.500000 0.904809 
1.800000 1.600000 0.566349 
1.800000 1.700000 0.264859 
1.800000 1.800000 -0.000000 
1.800000 1.900000 -0.228593 
1.800000 2.000000 -0.421284 
1.800000 2.100000 -0.578418 
1.800000 2.200000 -0.700297 
1.800000 2.300000 -0.787168 
1.800000 2.400000 -0.839215 
1.800000 2.500000 -0.856551 
1.800000 2.600000 -0.839215 
1.800000 2.700000 -0.787168 
1.800000 2.800000 -0.700297 
1.800000 2.900000 -0.578418 
1.800000 3.000000 -0.421284 
1.800000 3.100000 -0.228593 
1.800000 3.200000 0.000000 
1.800000 3.300000 0.264859 
1.800000 3.400000 0.566349 
1.800000 3.500000 0.904809 
1.800000 3.600000 1.280511 
1.800000 3.700000 1.693626 
1.800000 3.800000 2.144166 
1.800000 3.900000 2.631937 
1.800000 4.000000 3.156467 
1.800000 4.100000 3.716943 
1.800000 4.200000 4.312139 
1.800000 4.300000 4.940345 
1.800000 4.400000 5.599315 
1.800000 4.500000 6.286215 
1.800000 4.600000 6.997609 
1.800000 4.700000 7.729469 
1.800000 4.800000 8.477224 
1.800000 4.900000 9.235851 
1.800000 5.000000 10.000000 

1.900000 0.000000 10.000000 
1.900000 0.100000 9.262839 
1.900000 0.200000 8.530633 
1.900000 0.300000 7.808205 
1.900000 0.400000 7.100119 
1.900000 0.500000 6.410581 
1.900000 0.600000 5.743362 
1.900000 0.700000 5.101752 
1.900000 0.800000 4.488537 
1.900000 0.900000 3.906011 
1.900000 1.000000 3.355999 
1.900000 1.100000 2.839900 
1.900000 1.200000 2.358734 
1.900000 1.300000 1.913201 
1.900000 1.400000 1.503732 
1.900000 1.500000 1.130543 
1.900000 1.600000 0.793684 
1.900000 1.700000 0.493086 
1.900000 1.800000 0.228593 
1.900000 1.900000 -0.000000 
1.900000 2.000000 -0.192919 
1.900000 2.100000 -0.350393 
1.900000 2.200000 -0.472630 
1.900000 2.300000 -0.559807 
1.900000 2.400000 -0.612058 
1.900000 2.500000 -0.629466 
1.900000 2.600000 -0.612058 
1.900000 2.700000 -0.559807 
1.900000 2.800000 -0.472630 
1.900000 2.900000 -0.350393 
1.900000 3.000000 -0.192919 
1.900000 3.100000 0.000000 
1.900000 3.200000 0.228593 
1.900000 3.300000 0.493086 
1.900000 3.400000 0.793684 
1.900000 3.500000 1.130543 
1.900000 3.600000 1.503732 
1.900000 3.700000 1.913201 
1.900000 3.800000 2.358734 
1.900000 3.900000 2.839900 
1.900000 4.000000 3.355999 
1.900000 4.100000 3.906011 
1.900000 4.200000 4.488537 
1.900000 4.300000 5.101752 
1.900000 4.400000 5.743362 
1.900000 4.500000 6.410581 
1.900000 4.600000 7.100119 
1.900000 4.700000 7.808205 
1.900000 4.800000 8.530633 
1.900000 4.900000 9.262839 
1.900000 5.000000 10.000000 

2.000000 0.000000 10.000000 
2.000000 0.100000 9.284871 
2.000000 0.200000 8.574265 
2.000000 0.300000 7.872598 
2.000000 0.400000 7.184080 
2.000000 0.500000 6.512628 
2.000000 0.600000 5.861802 
2.000000 0.700000 5.234763 
2.000000 0.800000 4.634246 
2.000000 0.900000 4.062564 
2.000000 1.000000 3.521618 
2.000000 1.100000 3.012928 
2.000000 1.200000 2.537670 
2.000000 1.300000 2.096714 
2.000000 1.400000 1.690673 
2.000000 1.500000 1.319946 
2.000000 1.600000 0.984760 
2.000000 1.700000 0.685207 
2.000000 1.800000 0.421284 
2.000000 1.900000 0.192919 
2.000000 2.000000 -0.000000 
2.000000 2.100000 -0.157604 
2.000000 2.200000 -0.280023 
2.000000 2.300000 -0.367374 
2.000000 2.400000 -0.419746 
2.000000 2.500000 -0.437196 
2.000000 2.600000 -0.419746 
2.000000 2.700000 -0.367374 
2.000000 2.800000 -0.280023 
2.000000 2.900000 -0.157604 
2.000000 3.000000 0.000000 
2.000000 3.100000 0.192919 
2.000000 3.200000 0.421284 
2.000000 3.300000 0.685207 
2.000000 3.400000 0.984760 
2.000000 3.500000 1.319946 
2.000000 3.600000 1.690673 
2.000000 3.700000 2.096714 
2.000000 3.800000 2.537670 
2.000000 3.900000 3.012928 
2.000000 4.000000 3.521618 
2.000000 4.100000 4.062564 
2.000000 4.200000 4.634246 
2.000000 4.300000 5.234763 
2.000000 4.400000 5.861802 
2.000000 4.500000 6.512628 
2.000000 4.600000 7.184080 
2.000000 4.700000 7.872598 
2.000000 4.800000 8.574265 
2.000000 4.900000 9.284871 
2.000000 5.000000 10.000000 

2.100000 0.000000 10.000000 
2.100000 0.100000 9.302380 
2.100000 0.200000 8.608958 
2.100000 0.300000 7.923844 
2.100000 0.400000 7.250976 
2.100000 0.500000 6.594048 
2.100000 0.600000 5.956456 
2.100000 0.700000 5.341251 
2.100000 0.800000 4.751120 
2.100000 0.900000 4.188380 
2.100000 1.000000 3.654980 
2.100000 1.100000 3.152526 
2.100000 1.200000 2.682303 
2.100000 1.300000 2.245311 
2.100000 1.400000 1.842300 
2.100000 1.500000 1.473809 
2.100000 1.600000 1.140201 
2.100000 1.700000 0.841699 
2.100000 1.800000 0.578418 
2.100000 1.900000 0.350393 
2.100000 2.000000 0.157604 
2.100000 2.100000 -0.000000 
2.100000 2.200000 -0.122485 
2.100000 2.300000 -0.209918 
2.100000 2.400000 -0.262354 
2.100000 2.500000 -0.279828 
2.100000 2.600000 -0.262354 
2.100000 2.700000 -0.209918 
2.100000 2.800000 -0.122485 
2.100000 2.900000 0.000000 
2.100000 3.000000 0.157604 
2.100000 3.100000 0.350393 
2.100000 3.200000 0.578418 
2.100000 3.300000 0.841699 
2.100000 3.400000 1.140201 
2.100000 3.500000 1.473809 
2.100000 3.600000 1.842300 
2.100000 3.700000 2.245311 
2.100000 3.800000 2.682303 
2.100000 3.900000 3.152526 
2.100000 4.000000 3.654980 
2.100000 4.100000 4.188380 
2.100000 4.200000 4.751120 
2.100000 4.300000 5.341251 
2.100000 4.400000 5.956456 
2.100000 4.500000 6.594048 
2.100000 4.600000 7.250976 
2.100000 4.700000 7.923844 
2.100000 4.800000 8.608958 
2.100000 4.900000 9.302380 
2.100000 5.000000 10.000000 

2.200000 0.000000 10.000000 
2.200000 0.100000 9.315690 
2.200000 0.200000 8.635342 
2.200000 0.300000 7.962843 
2.200000 0.400000 7.301930 
2.200000 0.500000 6.656134 
2.200000 0.600000 6.028723 
2.200000 0.700000 5.422664 
2.200000 0.800000 4.840605 
2.200000 0.900000 4.284856 
2.200000 1.000000 3.757398 
2.200000 1.100000 3.259893 
2.200000 1.200000 2.793705 
2.200000 1.300000 2.359926 
2.200000 1.400000 1.959407 
2.200000 1.500000 1.592788 
2.200000 1.600000 1.260536 
2.200000 1.700000 0.962971 
2.200000 1.800000 0.700297 
2.200000 1.900000 0.472630 
2.200000 2.000000 0.280023 
2.200000 2.100000 0.122485 
2.200000 2.200000 -0.000000 
2.200000 2.300000 -0.087461 
2.200000 2.400000 -0.139924 
2.200000 2.500000 -0.157409 
2.200000 2.600000 -0.139924 
2.200000 2.700000 -0.087461 
2.200000 2.800000 0.000000 
2.200000 2.900000 0.122485 
2.200000 3.000000 0.280023 
2.200000 3.100000 0.472630 
2.200000 3.200000 0.700297 
2.200000 3.300000 0.962971 
2.200000 3.400000 1.260536 
2.200000 3.500000 1.592788 
2.200000 3.600000 1.959407 
2.200000 3.700000 2.359926 
2.200000 3.800000 2.793705 
2.200000 3.900000 3.259893 
2.200000 4.000000 3.757398 
2.200000 4.100000 4.284856 
2.200000 4.200000 4.840605 
2.200000 4.300000 5.422664 
2.200000 4.400000 6.028723 
2.200000 4.500000 6.656134 
2.200000 4.600000 7.301930 
2.200000 4.700000 7.962843 
2.200000 4.800000 8.635342 
2.200000 4.900000 9.315690 
2.200000 5.000000 10.000000 

2.300000 0.000000 10.000000 
2.300000 0.100000 9.325039 
2.300000 0.200000 8.653879 
2.300000 0.300000 7.990254 
2.300000 0.400000 7.337768 
2.300000 0.500000 6.699836 
2.300000 0.600000 6.079636 
2.300000 0.700000 5.480079 
2.300000 0.800000 4.903778 
2.300000 0.900000 4.353040 
2.300000 1.000000 3.829862 
2.300000 1.100000 3.335943 
2.300000 1.200000 2.872699 
2.300000 1.300000 2.441282 
2.300000 1.400000 2.042612 
2.300000 1.500000 1.677401 
2.300000 1.600000 1.346185 
2.300000 1.700000 1.049351 
2.300000 1.800000 0.787168 
2.300000 1.900000 0.559807 
2.300000 2.000000 0.367374 
2.300000 2.100000 0.209918 
2.300000 2.200000 0.087461 
2.300000 2.300000 -0.000000 
2.300000 2.400000 -0.052471 
2.300000 2.500000 -0.069960 
2.300000 2.600000 -0.052471 
2.300000 2.700000 -0.000000 
2.300000 2.800000 0.087461 
2.300000 2.900000 0.209918 
2.300000 3.000000 0.367374 
2.300000 3.100000 0.559807 
2.300000 3.200000 0.787168 
2.300000 3.300000 1.049351 
2.300000 3.400000 1.346185 
2.300000 3.500000 1.677401 
2.300000 3.600000 2.042612 
2.300000 3.700000 2.441282 
2.300000 3.800000 2.872699 
2.300000 3.900000 3.335943 
2.300000 4.000000 3.829862 
2.300000 4.100000 4.353040 
2.300000 4.200000 4.903778 
2.300000 4.300000 5.480079 
2.300000 4.400000 6.079636 
2.300000 4.500000 6.699835 
2.300000 4.600000 7.337768 
2.300000 4.700000 7.990254 
2.300000 4.800000 8.653879 
2.300000 4.900000 9.325039 
2.300000 5.000000 10.000000 

2.400000 0.000000 10.000000 
2.400000 0.100000 9.330586 
2.400000 0.200000 8.664880 
2.400000 0.300000 8.006527 
2.400000 0.400000 7.359053 
2.400000 0.500000 6.725803 
2.400000 0.600000 6.109908 
2.400000 0.700000 5.514238 
2.400000 0.800000 4.941390 
2.400000 0.900000 4.393663 
2.400000 1.000000 3.873067 
2.400000 1.100000 3.381319 
2.400000 1.200000 2.919864 
2.400000 1.300000 2.489892 
2.400000 1.400000 2.092359 
2.400000 1.500000 1.728020 
2.400000 1.600000 1.397452 
2.400000 1.700000 1.101081 
2.400000 1.800000 0.839215 
2.400000 1.900000 0.612058 
2.400000 2.000000 0.419746 
2.400000 2.100000 0.262354 
2.400000 2.200000 0.139924 
2.400000 2.300000 0.052471 
2.400000 2.400000 -0.000000 
2.400000 2.500000 -0.017490 
2.400000 2.600000 -0.000000 
2.400000 2.700000 0.052471 
2.400000 2.800000 0.139924 
2.400000 2.900000 0.262354 
2.400000 3.000000 0.419746 
2.400000 3.100000 0.612058 
2.400000 3.200000 0.839215 
2.400000 3.300000 1.101081 
2.400000 3.400000 1.397452 
2.400000 3.500000 1.728020 
2.400000 3.600000 2.092359 
2.400000 3.700000 2.489892 
2.400000 3.800000 2.919864 
2.400000 3.900000 3.381319 
2.400000 4.000000 3.873067 
2.400000 4.100000 4.393663 
2.400000 4.200000 4.941390 
2.400000 4.300000 5.514238 
2.400000 4.400000 6.109908 
2.400000 4.500000 6.725803 
2.400000 4.600000 7.359053 
2.400000 4.700000 8.006527 
2.400000 4.800000 8.664880 
2.400000 4.900000 9.330586 
2.400000 5.000000 10.000000 

2.500000 0.000000 10.000000 
2.500000 0.100000 9.332425 
2.500000 0.200000 8.668527 
2.500000 0.300000 8.011923 
2.500000 0.400000 7.366112 
2.500000 0.500000 6.734418 
2.500000 0.600000 6.119952 
2.500000 0.700000 5.525577 
2.500000 0.800000 4.953878 
2.500000 0.900000 4.407157 
2.500000 1.000000 3.887423 
2.500000 1.100000 3.396403 
2.500000 1.200000 2.935548 
2.500000 1.300000 2.506061 
2.500000 1.400000 2.108911 
2.500000 1.500000 1.744868 
2.500000 1.600000 1.414520 
2.500000 1.700000 1.118308 
2.500000 1.800000 0.856551 
2.500000 1.900000 0.629466 
2.500000 2.000000 0.437196 
2.500000 2.100000 0.279828 
2.500000 2.200000 0.157409 
2.500000 2.300000 0.069960 
2.500000 2.400000 0.017490 
2.500000 2.500000 -0.000000 
2.500000 2.600000 0.017490 
2.500000 2.700000 0.069960 
2.500000 2.800000 0.157409 
2.500000 2.900000 0.279828 
2.500000 3.000000 0.437196 
2.500000 3.100000 0.629466 
2.500000 3.200000 0.856551 
2.500000 3.300000 1.118308 
2.500000 3.400000 1.414520 
2.500000 3.500000 1.744868 
2.500000 3.600000 2.108911 
2.500000 3.700000 2.506061 
2.500000 3.800000 2.935548 
2.500000 3.900000 3.396403 
2.500000 4.000000 3.887423 
2.500000 4.100000 4.407157 
2.500000 4.200000 4.953878 
2.500000 4.300000 5.525577 
2.500000 4.400000 6.119952 
2.500000 4.500000 6.734418 
2.500000 4.600000 7.366112 
2.500000 4.700000 8.011923 
2.500000 4.800000 8.668527 
2.500000 4.900000 9.332425 
2.500000 5.000000 10.000000 

2.600000 0.000000 10.000000 
2.600000 0.100000 9.330586 
2.600000 0.200000 8.664880 
2.600000 0.300000 8.006527 
2.600000 0.400000 7.359053 
2.600000 0.500000 6.725803 
2.600000 0.600000 6.109908 
2.600000 0.700000 5.514238 
2.600000 0.800000 4.941390 
2.600000 0.900000 4.393663 
2.600000 1.000000 3.873067 
2.600000 1.100000 3.381319 
2.600000 1.200000 2.919864 
2.600000 1.300000 2.489892 
2.600000 1.400000 2.092359 
2.600000 1.500000 1.728020 
2.600000 1.600000 1.397452 
2.600000 1.700000 1.101081 
2.600000 1.800000 0.839215 
2.600000 1.900000 0.612058 
2.600000 2.000000 0.419746 
2.600000 2.100000 0.262354 
2.600000 2.200000 0.139924 
2.600000 2.300000 0.052471 
2.600000 2.400000 0.000000 
2.600000 2.500000 -0.017490 
2.600000 2.600000 -0.000000 
2.600000 2.700000 0.052471 
2.600000 2.800000 0.139924 
2.600000 2.900000 0.262354 
2.600000 3.000000 0.419746 
2.600000 3.100000 0.612058 
2.600000 3.200000 0.839215 
2.600000 3.300000 1.101081 
2.600000 3.400000 1.397452 
2.600000 3.500000 1.728020 
2.600000 3.600000 2.092359 
2.600000 3.700000 2.489892 
2.600000 3.800000 2.919864 
2.600000 3.900000 3.381319 
2.600000 4.000000 3.873067 
2.600000 4.100000 4.393663 
2.600000 4.200000 4.941390 
2.600000 4.300000 5.514238 
2.600000 4.400000 6.109908 
2.600000 4.500000 6.725803 
2.600000 4.600000 7.359053 
2.600000 4.700000 8.006527 
2.600000 4.800000 8.664880 
2.600000 4.900000 9.330586 
2.600000 5.000000 10.000000 

2.700000 0.000000 10.000000 
2.700000 0.100000 9.325039 
2.700000 0.200000 8.653879 
2.700000 0.300000 7.990254 
2.700000 0.400000 7.337768 
2.700000 0.500000 6.699836 
2.700000 0.600000 6.079636 
2.700000 0.700000 5.480079 
2.700000 0.800000 4.903778 
2.700000 0.900000 4.353040 
2.700000 1.000000 3.829862 
2.700000 1.100000 3.335943 
2.700000 1.200000 2.872699 
2.700000 1.300000 2.441282 
2.700000 1.400000 2.042612 
2.700000 1.500000 1.677401 
2.700000 1.600000 1.346185 
2.700000 1.700000 1.049351 
2.700000 1.800000 0.787168 
2.700000 1.900000 0.559807 
2.700000 2.000000 0.367374 
2.700000 2.100000 0.209918 
2.700000 2.200000 0.087461 
2.700000 2.300000 0.000000 
2.700000 2.400000 -0.052471 
2.700000 2.500000 -0.069960 
2.700000 2.600000 -0.052471 
2.700000 2.700000 -0.000000 
2.700000 2.800000 0.087461 
2.700000 2.900000 0.209918 
2.700000 3.000000 0.367374 
2.700000 3.100000 0.559807 
2.700000 3.200000 0.787168 
2.700000 3.300000 1.049351 
2.700000 3.400000 1.346185 
2.700000 3.500000 1.677401 
2.700000 3.600000 2.042612 
2.700000 3.700000 2.441282 
2.700000 3.800000 2.872699 
2.700000 3.900000 3.335943 
2.700000 4.000000 3.829862 
2.700000 4.100000 4.353040 
2.700000 4.200000 4.903778 
2.700000 4.300000 5.480079 
2.700000 4.400000 6.079636 
2.700000 4.500000 6.699835 
2.700000 4.600000 7.337768 
2.700000 4.700000 7.990254 
2.700000 4.800000 8.653879 
2.700000 4.900000 9.325039 
2.700000 5.000000 10.000000 

2.800000 0.000000 10.000000 
2.800000 0.100000 9.315690 
2.800000 0.200000 8.635342 
2.800000 0.300000 7.962843 
2.800000 0.400000 7.301930 
2.800000 0.500000 6.656134 
2.800000 0.600000 6.028723 
2.800000 0.700000 5.422664 
2.800000 0.800000 4.840605 
2.800000 0.900000 4.284856 
2.800000 1.000000 3.757398 
2.800000 1.100000 3.259893 
2.800000 1.200000 2.793705 
2.800000 1.300000 2.359926 
2.800000 1.400000 1.959407 
2.800000 1.500000 1.592788 
2.800000 1.600000 1.260536 
2.800000 1.700000 0.962971 
2.800000 1.800000 0.700297 
2.800000 1.900000 0.472630 
2.800000 2.000000 0.280023 
2.800000 2.100000 0.122485 
2.800000 2.200000 -0.000000 
2.800000 2.300000 -0.087461 
2.800000 2.400000 -0.139924 
2.800000 2.500000 -0.157409 
2.800000 2.600000 -0.139924 
2.800000 2.700000 -0.087461 
2.800000 2.800000 -0.000000 
2.800000 2.900000 0.122485 
2.800000 3.000000 0.280023 
2.800000 3.100000 0.472630 
2.800000 3.200000 0.700297 
2.800000 3.300000 0.962971 
2.800000 3.400000 1.260536 
2.800000 3.500000 1.592788 
2.800000 3.600000 1.959407 
2.800000 3.700000 2.359926 
2.800000 3.800000 2.793705 
2.800000 3.900000 3.259893 
2.800000 4.000000 3.757398 
2.800000 4.100000 4.284856 
2.800000 4.200000 4.840605 
2.800000 4.300000 5.422664 
2.800000 4.400000 6.028723 
2.800000 4.500000 6.656134 
2.800000 4.600000 7.301930 
2.800000 4.700000 7.962843 
2.800000 4.800000 8.635342 
2.800000 4.900000 9.315690 
2.800000 5.000000 10.000000 

2.900000 0.000000 10.000000 
2.900000 0.100000 9.302380 
2.900000 0.200000 8.608958 
2.900000 0.300000 7.923844 
2.900000 0.400000 7.250976 
2.900000 0.500000 6.594048 
2.900000 0.600000 5.956456 
2.900000 0.700000 5.341251 
2.900000 0.800000 4.751120 
2.900000 0.900000 4.188380 
2.900000 1.000000 3.654981 
2.900000 1.100000 3.152526 
2.900000 1.200000 2.682303 
2.900000 1.300000 2.245311 
2.900000 1.400000 1.842300 
2.900000 1.500000 1.473809 
2.900000 1.600000 1.140201 
2.900000 1.700000 0.841699 
2.900000 1.800000 0.578418 
2.900000 1.900000 0.350393 
2.900000 2.000000 0.157604 
2.900000 2.100000 -0.000000 
2.900000 2.200000 -0.122485 
2.900000 2.300000 -0.209918 
2.900000 2.400000 -0.262354 
2.900000 2.500000 -0.279828 
2.900000 2.600000 -0.262354 
2.900000 2.700000 -0.209918 
2.900000 2.800000 -0.122485 
2.900000 2.900000 -0.000000 
2.900000 3.000000 0.157604 
2.900000 3.100000 0.350393 
2.900000 3.200000 0.578418 
2.900000 3.300000 0.841699 
2.900000 3.400000 1.140201 
2.900000 3.500000 1.473809 
2.900000 3.600000 1.842300 
2.900000 3.700000 2.245311 
2.900000 3.800000 2.682303 
2.900000 3.900000 3.152526 
2.900000 4.000000 3.654980 
2.900000 4.100000 4.188380 
2.900000 4.200000 4.751120 
2.900000 4.300000 5.341251 
2.900000 4.400000 5.956456 
2.900000 4.500000 6.594048 
2.900000 4.600000 7.250976 
2.900000 4.700000 7.923844 
2.900000 4.800000 8.608958 
2.900000 4.900000 9.302380 
2.900000 5.000000 10.000000 

3.000000 0.000000 10.000000 
3.000000 0.100000 9.284871 
3.000000 0.200000 8.574265 
3.000000 0.300000 7.872598 
3.000000 0.400000 7.184080 
3.000000 0.500000 6.512628 
3.000000 0.600000 5.861802 
3.000000 0.700000 5.234763 
3.000000 0.800000 4.634246 
3.000000 0.900000 4.062564 
3.000000 1.000000 3.521618 
3.000000 1.100000 3.012928 
3.000000 1.200000 2.537670 
3.000000 1.300000 2.096714 
3.000000 1.400000 1.690673 
3.000000 1.500000 1.319946 
3.000000 1.600000 0.984760 
3.000000 1.700000 0.685207 
3.000000 1.800000 0.421284 
3.000000 1.900000 0.192919 
3.000000 2.000000 -0.000000 
3.000000 2.100000 -0.157604 
3.000000 2.200000 -0.280023 
3.000000 2.300000 -0.367374 
3.000000 2.400000 -0.419746 
3.000000 2.500000 -0.437196 
3.000000 2.600000 -0.419746 
3.000000 2.700000 -0.367374 
3.000000 2.800000 -0.280023 
3.000000 2.900000 -0.157604 
3.000000 3.000000 -0.000000 
3.000000 3.100000 0.192919 
3.000000 3.200000 0.421284 
3.000000 3.300000 0.685207 
3.000000 3.400000 0.984760 
3.000000 3.500000 1.319946 
3.000000 3.600000 1.690673 
3.000000 3.700000 2.096714 
3.000000 3.800000 2.537670 
3.000000 3.900000 3.012928 
3.000000 4.000000 3.521618 
3.000000 4.100000 4.062564 
3.000000 4.200000 4.634246 
3.000000 4.300000 5.234763 
3.000000 4.400000 5.861802 
3.000000 4.500000 6.512628 
3.000000 4.600000 7.184080 
3.000000 4.700000 7.872598 
3.000000 4.800000 8.574265 
3.000000 4.900000 9.284871 
3.000000 5.000000 10.000000 

3.100000 0.000000 10.000000 
3.100000 0.100000 9.262839 
3.100000 0.200000 8.530633 
3.100000 0.300000 7.808205 
3.100000 0.400000 7.100119 
3.100000 0.500000 6.410581 
3.100000 0.600000 5.743362 
3.100000 0.700000 5.101752 
3.100000 0.800000 4.488537 
3.100000 0.900000 3.906011 
3.100000 1.000000 3.355999 
3.100000 1.100000 2.839900 
3.100000 1.200000 2.358734 
3.100000 1.300000 1.913201 
3.100000 1.400000 1.503732 
3.100000 1.500000 1.130543 
3.100000 1.600000 0.793684 
3.100000 1.700000 0.493086 
3.100000 1.800000 0.228593 
3.100000 1.900000 -0.000000 
3.100000 2.000000 -0.192919 
3.100000 2.100000 -0.350393 
3.100000 2.200000 -0.472630 
3.100000 2.300000 -0.559807 
3.100000 2.400000 -0.612058 
3.100000 2.500000 -0.629466 
3.100000 2.600000 -0.612058 
3.100000 2.700000 -0.559807 
3.100000 2.800000 -0.472630 
3.100000 2.900000 -0.350393 
3.100000 3.000000 -0.192919 
3.100000 3.100000 -0.000000 
3.100000 3.200000 0.228593 
3.100000 3.300000 0.493086 
3.100000 3.400000 0.793684 
3.100000 3.500000 1.130543 
3.100000 3.600000 1.503732 
3.100000 3.700000 1.913201 
3.100000 3.800000 2.358734 
3.100000 3.900000 2.839900 
3.100000 4.000000 3.355999 
3.100000 4.100000 3.906011 
3.100000 4.200000 4.488537 
3.100000 4.300000 5.101752 
3.100000 4.400000 5.743362 
3.100000 4.500000 6.410581 
3.100000 4.600000 7.100119 
3.100000 4.700000 7.808205 
3.100000 4.800000 8.530633 
3.100000 4.900000 9.262839 
3.100000 5.000000 10.000000 

3.200000 0.000000 10.000000 
3.200000 0.100000 9.235851 
3.200000 0.200000 8.477224 
3.200000 0.300000 7.729469 
3.200000 0.400000 6.997609 
3.200000 0.500000 6.286215 
3.200000 0.600000 5.599315 
3.200000 0.700000 4.940345 
3.200000 0.800000 4.312139 
3.200000 0.900000 3.716943 
3.200000 1.000000 3.156467 
3.200000 1.100000 2.631937 
3.200000 1.200000 2.144166 
3.200000 1.300000 1.693626 
3.200000 1.400000 1.280511 
3.200000 1.500000 0.904809 
3.200000 1.600000 0.566349 
3.200000 1.700000 0.264859 
3.200000 1.800000 -0.000000 
3.200000 1.900000 -0.228593 
3.200000 2.000000 -0.421284 
3.200000 2.100000 -0.578418 
3.200000 2.200000 -0.700297 
3.200000 2.300000 -0.787168 
3.200000 2.400000 -0.839215 
3.200000 2.500000 -0.856551 
3.200000 2.600000 -0.839215 
3.200000 2.700000 -0.787168 
3.200000 2.800000 -0.700297 
3.200000 2.900000 -0.578418 
3.200000 3.000000 -0.421284 
3.200000 3.100000 -0.228593 
3.200000 3.200000 -0.000000 
3.200000 3.300000 0.264859 
3.200000 3.400000 0.566349 
3.200000 3.500000 0.904809 
3.200000 3.600000 1.280511 
3.200000 3.700000 1.693626 
3.200000 3.800000 2.144166 
3.200000 3.900000 2.631937 
3.200000 4.000000 3.156467 
3.200000 4.100000 3.716943 
3.200000 4.200000 4.312139 
3.200000 4.300000 4.940345 
3.200000 4.400000 5.599315 
3.200000 4.500000 6.286215 
3.200000 4.600000 6.997609 
3.200000 4.700000 7.729469 
3.200000 4.800000 8.477224 
3.200000 4.900000 9.235851 
3.200000 5.000000 10.000000 

3.300000 0.000000 10.000000 
3.300000 0.100000 9.203343 
3.300000 0.200000 8.412944 
3.300000 0.300000 7.634838 
3.300000 0.400000 6.874633 
3.300000 0.500000 6.137355 
3.300000 0.600000 5.427337 
3.300000 0.700000 4.748176 
3.300000 0.800000 4.102729 
3.300000 0.900000 3.493157 
3.300000 1.000000 2.920990 
3.300000 1.100000 2.387215 
3.300000 1.200000 1.892368 
3.300000 1.300000 1.436623 
3.300000 1.400000 1.019879 
3.300000 1.500000 0.641832 
3.300000 1.600000 0.302045 
3.300000 1.700000 -0.000000 
3.300000 1.800000 -0.264859 
3.300000 1.900000 -0.493086 
3.300000 2.000000 -0.685207 
3.300000 2.100000 -0.841699 
3.300000 2.200000 -0.962971 
3.300000 2.300000 -1.049351 
3.300000 2.400000 -1.101081 
3.300000 2.500000 -1.118308 
3.300000 2.600000 -1.101081 
3.300000 2.700000 -1.049351 
3.300000 2.800000 -0.962971 
3.300000 2.900000 -0.841699 
3.300000 3.000000 -0.685207 
3.300000 3.100000 -0.493086 
3.300000 3.200000 -0.264859 
3.300000 3.300000 -0.000000 
3.300000 3.400000 0.302045 
3.300000 3.500000 0.641832 
3.300000 3.600000 1.019879 
3.300000 3.700000 1.436623 
3.300000 3.800000 1.892368 
3.300000 3.900000 2.387215 
3.300000 4.000000 2.920990 
3.300000 4.100000 3.493157 
3.300000 4.200000 4.102729 
3.300000 4.300000 4.748176 
3.300000 4.400000 5.427337 
3.300000 4.500000 6.137355 
3.300000 4.600000 6.874633 
3.300000 4.700000 7.634838 
3.300000 4.800000 8.412944 
3.300000 4.900000 9.203343 
3.300000 5.000000 10.000000 

3.400000 0.000000 10.000000 
3.400000 0.100000 9.164575 
3.400000 0.200000 8.336370 
3.400000 0.300000 7.522305 
3.400000 0.400000 6.728732 
3.400000 0.500000 5.961233 
3.400000 0.600000 5.224501 
3.400000 0.700000 4.522291 
3.400000 0.800000 3.857445 
3.400000 0.900000 3.231966 
3.400000 1.000000 2.647120 
3.400000 1.100000 2.103566 
3.400000 1.200000 1.601468 
3.400000 1.300000 1.140620 
3.400000 1.400000 0.720548 
3.400000 1.500000 0.340595 
3.400000 1.600000 -0.000000 
3.400000 1.700000 -0.302045 
3.400000 1.800000 -0.566349 
3.400000 1.900000 -0.793684 
3.400000 2.000000 -0.984760 
3.400000 2.100000 -1.140201 
3.400000 2.200000 -1.260536 
3.400000 2.300000 -1.346185 
3.400000 2.400000 -1.397452 
3.400000 2.500000 -1.414520 
3.400000 2.600000 -1.397452 
3.400000 2.700000 -1.346185 
3.400000 2.800000 -1.260536 
3.400000 2.900000 -1.140201 
3.400000 3.000000 -0.984760 
3.400000 3.100000 -0.793684 
3.400000 3.200000 -0.566349 
3.400000 3.300000 -0.302045 
3.400000 3.400000 -0.000000 
3.400000 3.500000 0.340595 
3.400000 3.600000 0.720548 
3.400000 3.700000 1.140620 
3.400000 3.800000 1.601468 
3.400000 3.900000 2.103566 
3.400000 4.000000 2.647120 
3.400000 4.100000 3.231966 
3.400000 4.200000 3.857445 
3.400000 4.300000 4.522291 
3.400000 4.400000 5.224501 
3.400000 4.500000 5.961233 
3.400000 4.600000 6.728732 
3.400000 4.700000 7.522305 
3.400000 4.800000 8.336370 
3.400000 4.900000 9.164575 
3.400000 5.000000 10.000000 

3.500000 0.000000 10.000000 
3.500000 0.100000 9.118587 
3.500000 0.200000 8.245657 
3.500000 0.300000 7.389281 
3.500000 0.400000 6.556756 
3.500000 0.500000 5.754346 
3.500000 0.600000 4.987144 
3.500000 0.700000 4.259043 
3.500000 0.800000 3.572795 
3.500000 0.900000 2.930139 
3.500000 1.000000 2.331960 
3.500000 1.100000 1.778459 
3.500000 1.200000 1.269317 
3.500000 1.300000 0.803843 
3.500000 1.400000 0.381098 
3.500000 1.500000 -0.000000 
3.500000 1.600000 -0.340595 
3.500000 1.700000 -0.641832 
3.500000 1.800000 -0.904809 
3.500000 1.900000 -1.130543 
3.500000 2.000000 -1.319946 
3.500000 2.100000 -1.473809 
3.500000 2.200000 -1.592788 
3.500000 2.300000 -1.677401 
3.500000 2.400000 -1.728020 
3.500000 2.500000 -1.744868 
3.500000 2.600000 -1.728020 
3.500000 2.700000 -1.677401 
3.500000 2.800000 -1.592788 
3.500000 2.900000 -1.473809 
3.500000 3.000000 -1.319946 
3.500000 3.100000 -1.130543 
3.500000 3.200000 -0.904809 
3.500000 3.300000 -0.641832 
3.500000 3.400000 -0.340595 
3.500000 3.500000 -0.000000 
3.500000 3.600000 0.381098 
3.500000 3.700000 0.803843 
3.500000 3.800000 1.269317 
3.500000 3.900000 1.778459 
3.500000 4.000000 2.331960 
3.500000 4.100000 2.930139 
3.500000 4.200000 3.572795 
3.500000 4.300000 4.259043 
3.500000 4.400000 4.987144 
3.500000 4.500000 5.754346 
3.500000 4.600000 6.556756 
3.500000 4.700000 7.389281 
3.500000 4.800000 8.245657 
3.500000 4.900000 9.118587 
3.500000 5.000000 10.000000 

3.600000 0.000000 10.000000 
3.600000 0.100000 9.064114 
3.600000 0.200000 8.138391 
3.600000 0.300000 7.232407 
3.600000 0.400000 6.354664 
3.600000 0.500000 5.512249 
3.600000 0.600000 4.710687 
3.600000 0.700000 3.953942 
3.600000 0.800000 3.244553 
3.600000 0.900000 2.583837 
3.600000 1.000000 1.972122 
3.600000 1.100000 1.408994 
3.600000 1.200000 0.893499 
3.600000 1.300000 0.424335 
3.600000 1.400000 -0.000000 
3.600000 1.500000 -0.381098 
3.600000 1.600000 -0.720548 
3.600000 1.700000 -1.019879 
3.600000 1.800000 -1.280511 
3.600000 1.900000 -1.503732 
3.600000 2.000000 -1.690673 
3.600000 2.100000 -1.842300 
3.600000 2.200000 -1.959407 
3.600000 2.300000 -2.042612 
3.600000 2.400000 -2.092359 
3.600000 2.500000 -2.108911 
3.600000 2.600000 -2.092359 
3.600000 2.700000 -2.042612 
3.600000 2.800000 -1.959407 
3.600000 2.900000 -1.842300 
3.600000 3.000000 -1.690673 
3.600000 3.100000 -1.503732 
3.600000 3.200000 -1.280511 
3.600000 3.300000 -1.019879 
3.600000 3.400000 -0.720548 
3.600000 3.500000 -0.381098 
3.600000 3.600000 -0.000000 
3.600000 3.700000 0.424335 
3.600000 3.800000 0.893499 
3.600000 3.900000 1.408994 
3.600000 4.000000 1.972122 
3.600000 4.100000 2.583837 
3.600000 4.200000 3.244553 
3.600000 4.300000 3.953942 
3.600000 4.400000 4.710687 
3.600000 4.500000 5.512249 
3.600000 4.600000 6.354664 
3.600000 4.700000 7.232407 
3.600000 4.800000 8.138391 
3.600000 4.900000 9.064114 
3.600000 5.000000 10.000000 

3.700000 0.000000 10.000000 
3.700000 0.100000 8.999480 
3.700000 0.200000 8.011385 
3.700000 0.300000 7.047293 
3.700000 0.400000 6.117242 
3.700000 0.500000 5.229300 
3.700000 0.600000 4.389412 
3.700000 0.700000 3.601485 
3.700000 0.800000 2.867640 
3.700000 0.900000 2.188531 
3.700000 1.000000 1.563699 
3.700000 1.100000 0.991894 
3.700000 1.200000 0.471348 
3.700000 1.300000 -0.000000 
3.700000 1.400000 -0.424335 
3.700000 1.500000 -0.803843 
3.700000 1.600000 -1.140620 
3.700000 1.700000 -1.436623 
3.700000 1.800000 -1.693626 
3.700000 1.900000 -1.913201 
3.700000 2.000000 -2.096714 
3.700000 2.100000 -2.245311 
3.700000 2.200000 -2.359926 
3.700000 2.300000 -2.441282 
3.700000 2.400000 -2.489892 
3.700000 2.500000 -2.506061 
3.700000 2.600000 -2.489892 
3.700000 2.700000 -2.441282 
3.700000 2.800000 -2.359926 
3.700000 2.900000 -2.245311 
3.700000 3.000000 -2.096714 
3.700000 3.100000 -1.913201 
3.700000 3.200000 -1.693626 
3.700000 3.300000 -1.436623 
3.700000 3.400000 -1.140620 
3.700000 3.500000 -0.803843 
3.700000 3.600000 -0.424335 
3.700000 3.700000 -0.000000 
3.700000 3.800000 0.471348 
3.700000 3.900000 0.991894 
3.700000 4.000000 1.563699 
3.700000 4.100000 2.188531 
3.700000 4.200000 2.867640 
3.700000 4.300000 3.601485 
3.700000 4.400000 4.389412 
3.700000 4.500000 5.229300 
3.700000 4.600000 6.117242 
3.700000 4.700000 7.047293 
3.700000 4.800000 8.011385 
3.700000 4.900000 8.999480 
3.700000 5.000000 10.000000 

3.800000 0.000000 10.000000 
3.800000 0.100000 8.922419 
3.800000 0.200000 7.860376 
3.800000 0.300000 6.828138 
3.800000 0.400000 5.837713 
3.800000 0.500000 4.898297 
3.800000 0.600000 4.016174 
3.800000 0.700000 3.194948 
3.800000 0.800000 2.435989 
3.800000 0.900000 1.738947 
3.800000 1.000000 1.102250 
3.800000 1.100000 0.523536 
3.800000 1.200000 -0.000000 
3.800000 1.300000 -0.471348 
3.800000 1.400000 -0.893499 
3.800000 1.500000 -1.269317 
3.800000 1.600000 -1.601468 
3.800000 1.700000 -1.892368 
3.800000 1.800000 -2.144166 
3.800000 1.900000 -2.358734 
3.800000 2.000000 -2.537670 
3.800000 2.100000 -2.682303 
3.800000 2.200000 -2.793705 
3.800000 2.300000 -2.872699 
3.800000 2.400000 -2.919864 
3.800000 2.500000 -2.935548 
3.800000 2.600000 -2.919864 
3.800000 2.700000 -2.872699 
3.800000 2.800000 -2.793705 
3.800000 2.900000 -2.682303 
3.800000 3.000000 -2.537670 
3.800000 3.100000 -2.358734 
3.800000 3.200000 -2.144166 
3.800000 3.300000 -1.892368 
3.800000 3.400000 -1.601468 
3.800000 3.500000 -1.269317 
3.800000 3.600000 -0.893499 
3.800000 3.700000 -0.471348 
3.800000 3.800000 -0.000000 
3.800000 3.900000 0.523536 
3.800000 4.000000 1.102250 
3.800000 4.100000 1.738947 
3.800000 4.200000 2.435989 
3.800000 4.300000 3.194948 
3.800000 4.400000 4.016174 
3.800000 4.500000 4.898297 
3.800000 4.600000 5.837713 
3.800000 4.700000 6.828138 
3.800000 4.800000 7.860376 
3.800000 4.900000 8.922419 
3.800000 5.000000 10.000000 

3.900000 0.000000 10.000000 
3.900000 0.100000 8.829821 
3.900000 0.200000 7.679562 
3.900000 0.300000 6.567170 
3.900000 0.400000 5.507173 
3.900000 0.500000 4.510003 
3.900000 0.600000 3.582039 
3.900000 0.700000 2.726144 
3.900000 0.800000 1.942422 
3.900000 0.900000 1.229019 
3.900000 1.000000 0.582817 
3.900000 1.100000 -0.000000 
3.900000 1.200000 -0.523536 
3.900000 1.300000 -0.991894 
3.900000 1.400000 -1.408994 
3.900000 1.500000 -1.778459 
3.900000 1.600000 -2.103566 
3.900000 1.700000 -2.387215 
3.900000 1.800000 -2.631937 
3.900000 1.900000 -2.839900 
3.900000 2.000000 -3.012928 
3.900000 2.100000 -3.152526 
3.900000 2.200000 -3.259893 
3.900000 2.300000 -3.335943 
3.900000 2.400000 -3.381319 
3.900000 2.500000 -3.396403 
3.900000 2.600000 -3.381319 
3.900000 2.700000 -3.335943 
3.900000 2.800000 -3.259893 
3.900000 2.900000 -3.152526 
3.900000 3.000000 -3.012928 
3.900000 3.100000 -2.839900 
3.900000 3.200000 -2.631937 
3.900000 3.300000 -2.387215 
3.900000 3.400000 -2.103566 
3.900000 3.500000 -1.778459 
3.900000 3.600000 -1.408994 
3.900000 3.700000 -0.991894 
3.900000 3.800000 -0.523536 
3.900000 3.900000 -0.000000 
3.900000 4.000000 0.582817 
3.900000 4.100000 1.229019 
3.900000 4.200000 1.942422 
3.900000 4.300000 2.726144 
3.900000 4.400000 3.582039 
3.900000 4.500000 4.510003 
3.900000 4.600000 5.507173 
3.900000 4.700000 6.567170 
3.900000 4.800000 7.679562 
3.900000 4.900000 8.829821 
3.900000 5.000000 10.000000 

4.000000 0.000000 10.000000 
4.000000 0.100000 8.717304 
4.000000 0.200000 7.460880 
4.000000 0.300000 6.253806 
4.000000 0.400000 5.113806 
4.000000 0.500000 4.052502 
4.000000 0.600000 3.075837 
4.000000 0.700000 2.185165 
4.000000 0.800000 1.378536 
4.000000 0.900000 0.651889 
4.000000 1.000000 -0.000000 
4.000000 1.100000 -0.582817 
4.000000 1.200000 -1.102250 
4.000000 1.300000 -1.563699 
4.000000 1.400000 -1.972122 
4.000000 1.500000 -2.331960 
4.000000 1.600000 -2.647120 
4.000000 1.700000 -2.920990 
4.000000 1.800000 -3.156467 
4.000000 1.900000 -3.355999 
4.000000 2.000000 -3.521618 
4.000000 2.100000 -3.654980 
4.000000 2.200000 -3.757398 
4.000000 2.300000 -3.829862 
4.000000 2.400000 -3.873067 
4.000000 2.500000 -3.887423 
4.000000 2.600000 -3.873067 
4.000000 2.700000 -3.829862 
4.000000 2.800000 -3.757398 
4.000000 2.900000 -3.654980 
4.000000 3.000000 -3.521618 
4.000000 3.100000 -3.355999 
4.000000 3.200000 -3.156467 
4.000000 3.300000 -2.920990 
4.000000 3.400000 -2.647120 
4.000000 3.500000 -2.331960 
4.000000 3.600000 -1.972122 
4.000000 3.700000 -1.563699 
4.000000 3.800000 -1.102250 
4.000000 3.900000 -0.582817 
4.000000 4.000000 -0.000000 
4.000000 4.100000 0.651889 
4.000000 4.200000 1.378536 
4.000000 4.300000 2.185165 
4.000000 4.400000 3.075837 
4.000000 4.500000 4.052502 
4.000000 4.600000 5.113806 
4.000000 4.700000 6.253806 
4.000000 4.800000 7.460880 
4.000000 4.900000 8.717304 
4.000000 5.000000 10.000000 

4.100000 0.000000 10.000000 
4.100000 0.100000 8.578515 
4.100000 0.200000 7.192847 
4.100000 0.300000 5.873369 
4.100000 0.400000 4.641745 
4.100000 0.500000 3.510362 
4.100000 0.600000 2.483642 
4.100000 0.700000 1.560142 
4.100000 0.800000 0.734670 
4.100000 0.900000 -0.000000 
4.100000 1.000000 -0.651889 
4.100000 1.100000 -1.229019 
4.100000 1.200000 -1.738947 
4.100000 1.300000 -2.188531 
4.100000 1.400000 -2.583837 
4.100000 1.500000 -2.930139 
4.100000 1.600000 -3.231966 
4.100000 1.700000 -3.493157 
4.100000 1.800000 -3.716943 
4.100000 1.900000 -3.906011 
4.100000 2.000000 -4.062564 
4.100000 2.100000 -4.188380 
4.100000 2.200000 -4.284856 
4.100000 2.300000 -4.353040 
4.100000 2.400000 -4.393663 
4.100000 2.500000 -4.407157 
4.100000 2.600000 -4.393663 
4.100000 2.700000 -4.353040 
4.100000 2.800000 -4.284856 
4.100000 2.900000 -4.188380 
4.100000 3.000000 -4.062564 
4.100000 3.100000 -3.906011 
4.100000 3.200000 -3.716943 
4.100000 3.300000 -3.493157 
4.100000 3.400000 -3.231966 
4.100000 3.500000 -2.930139 
4.100000 3.600000 -2.583837 
4.100000 3.700000 -2.188531 
4.100000 3.800000 -1.738947 
4.100000 3.900000 -1.229019 
4.100000 4.000000 -0.651889 
4.100000 4.100000 -0.000000 
4.100000 4.200000 0.734670 
4.100000 4.300000 1.560142 
4.100000 4.400000 2.483642 
4.100000 4.500000 3.510362 
4.100000 4.600000 4.641745 
4.100000 4.700000 5.873369 
4.100000 4.800000 7.192847 
4.100000 4.900000 8.578515 
4.100000 5.000000 10.000000 

4.200000 0.000000 10.000000 
4.200000 0.100000 8.403908 
4.200000 0.200000 6.858626 
4.200000 0.300000 5.405077 
4.200000 0.400000 4.069441 
4.200000 0.500000 2.863561 
4.200000 0.600000 1.788226 
4.200000 0.700000 0.837092 
4.200000 0.800000 -0.000000 
4.200000 0.900000 -0.734670 
4.200000 1.000000 -1.378536 
4.200000 1.100000 -1.942422 
4.200000 1.200000 -2.435989 
4.200000 1.300000 -2.867640 
4.200000 1.400000 -3.244553 
4.200000 1.500000 -3.572795 
4.200000 1.600000 -3.857445 
4.200000 1.700000 -4.102729 
4.200000 1.800000 -4.312139 
4.200000 1.900000 -4.488537 
4.200000 2.000000 -4.634246 
4.200000 2.100000 -4.751120 
4.200000 2.200000 -4.840605 
4.200000 2.300000 -4.903778 
4.200000 2.400000 -4.941390 
4.200000 2.500000 -4.953878 
4.200000 2.600000 -4.941390 
4.200000 2.700000 -4.903778 
4.200000 2.800000 -4.840605 
4.200000 2.900000 -4.751120 
4.200000 3.000000 -4.634246 
4.200000 3.100000 -4.488537 
4.200000 3.200000 -4.312139 
4.200000 3.300000 -4.102729 
4.200000 3.400000 -3.857445 
4.200000 3.500000 -3.572795 
4.200000 3.600000 -3.244553 
4.200000 3.700000 -2.867640 
4.200000 3.800000 -2.435989 
4.200000 3.900000 -1.942422 
4.200000 4.000000 -1.378536 
4.200000 4.100000 -0.734670 
4.200000 4.200000 -0.000000 
4.200000 4.300000 0.837092 
4.200000 4.400000 1.788226 
4.200000 4.500000 2.863561 
4.200000 4.600000 4.069441 
4.200000 4.700000 5.405077 
4.200000 4.800000 6.858626 
4.200000 4.900000 8.403908 
4.200000 5.000000 10.000000 

4.300000 0.000000 10.000000 
4.300000 0.100000 8.178490 
4.300000 0.200000 6.432672 
4.300000 0.300000 4.818871 
4.300000 0.400000 3.367381 
4.300000 0.500000 2.086214 
4.300000 0.600000 0.968610 
4.300000 0.700000 -0.000000 
4.300000 0.800000 -0.837092 
4.300000 0.900000 -1.560142 
4.300000 1.000000 -2.185165 
4.300000 1.100000 -2.726144 
4.300000 1.200000 -3.194948 
4.300000 1.300000 -3.601485 
4.300000 1.400000 -3.953942 
4.300000 1.500000 -4.259043 
4.300000 1.600000 -4.522291 
4.300000 1.700000 -4.748176 
4.300000 1.800000 -4.940345 
4.300000 1.900000 -5.101752 
4.300000 2.000000 -5.234763 
4.300000 2.100000 -5.341251 
4.300000 2.200000 -5.422664 
4.300000 2.300000 -5.480079 
4.300000 2.400000 -5.514238 
4.300000 2.500000 -5.525577 
4.300000 2.600000 -5.514238 
4.300000 2.700000 -5.480079 
4.300000 2.800000 -5.422664 
4.300000 2.900000 -5.341251 
4.300000 3.000000 -5.234763 
4.300000 3.100000 -5.101752 
4.300000 3.200000 -4.940345 
4.300000 3.300000 -4.748176 
4.300000 3.400000 -4.522291 
4.300000 3.500000 -4.259043 
4.300000 3.600000 -3.953942 
4.300000 3.700000 -3.601485 
4.300000 3.800000 -3.194948 
4.300000 3.900000 -2.726144 
4.300000 4.000000 -2.185165 
4.300000 4.100000 -1.560142 
4.300000 4.200000 -0.837092 
4.300000 4.300000 -0.000000 
4.300000 4.400000 0.968610 
4.300000 4.500000 2.086214 
4.300000 4.600000 3.367381 
4.300000 4.700000 4.818871 
4.300000 4.800000 6.432672 
4.300000 4.900000 8.178490 
4.300000 5.000000 10.000000 

4.400000 0.000000 10.000000 
4.400000 0.100000 7.877379 
4.400000 0.200000 5.874703 
4.400000 0.300000 4.070354 
4.400000 0.400000 2.495000 
4.400000 0.500000 1.145303 
4.400000 0.600000 -0.000000 
4.400000 0.700000 -0.968610 
4.400000 0.800000 -1.788226 
4.400000 0.900000 -2.483642 
4.400000 1.000000 -3.075837 
4.400000 1.100000 -3.582039 
4.400000 1.200000 -4.016174 
4.400000 1.300000 -4.389412 
4.400000 1.400000 -4.710687 
4.400000 1.500000 -4.987144 
4.400000 1.600000 -5.224501 
4.400000 1.700000 -5.427337 
4.400000 1.800000 -5.599315 
4.400000 1.900000 -5.743362 
4.400000 2.000000 -5.861802 
4.400000 2.100000 -5.956456 
4.400000 2.200000 -6.028723 
4.400000 2.300000 -6.079636 
4.400000 2.400000 -6.109908 
4.400000 2.500000 -6.119952 
4.400000 2.600000 -6.109908 
4.400000 2.700000 -6.079636 
4.400000 2.800000 -6.028723 
4.400000 2.900000 -5.956456 
4.400000 3.000000 -5.861802 
4.400000 3.100000 -5.743362 
4.400000 3.200000 -5.599315 
4.400000 3.300000 -5.427337 
4.400000 3.400000 -5.224501 
4.400000 3.500000 -4.987144 
4.400000 3.600000 -4.710687 
4.400000 3.700000 -4.389412 
4.400000 3.800000 -4.016174 
4.400000 3.900000 -3.582039 
4.400000 4.000000 -3.075837 
4.400000 4.100000 -2.483642 
4.400000 4.200000 -1.788226 
4.400000 4.300000 -0.968610 
4.400000 4.400000 -0.000000 
4.400000 4.500000 1.145303 
4.400000 4.600000 2.495000 
4.400000 4.700000 4.070354 
4.400000 4.800000 5.874703 
4.400000 4.900000 7.877379 
4.400000 5.000000 10.000000 

4.500000 0.000000 10.000000 
4.500000 0.100000 7.456325 
4.500000 0.200000 5.118405 
4.500000 0.300000 3.092842 
4.500000 0.400000 1.396960 
4.500000 0.500000 -0.000000 
4.500000 0.600000 -1.145303 
4.500000 0.700000 -2.086214 
4.500000 0.800000 -2.863561 
4.500000 0.900000 -3.510362 
4.500000 1.000000 -4.052502 
4.500000 1.100000 -4.510003 
4.500000 1.200000 -4.898297 
4.500000 1.300000 -5.229300 
4.500000 1.400000 -5.512249 
4.500000 1.500000 -5.754346 
4.500000 1.600000 -5.961233 
4.500000 1.700000 -6.137355 
4.500000 1.800000 -6.286215 
4.500000 1.900000 -6.410581 
4.500000 2.000000 -6.512628 
4.500000 2.100000 -6.594048 
4.500000 2.200000 -6.656134 
4.500000 2.300000 -6.699835 
4.500000 2.400000 -6.725803 
4.500000 2.500000 -6.734418 
4.500000 2.600000 -6.725803 
4.500000 2.700000 -6.699835 
4.500000 2.800000 -6.656134 
4.500000 2.900000 -6.594048 
4.500000 3.000000 -6.512628 
4.500000 3.100000 -6.410581 
4.500000 3.200000 -6.286215 
4.500000 3.300000 -6.137355 
4.500000 3.400000 -5.961233 
4.500000 3.500000 -5.754346 
4.500000 3.600000 -5.512249 
4.500000 3.700000 -5.229300 
4.500000 3.800000 -4.898297 
4.500000 3.900000 -4.510003 
4.500000 4.000000 -4.052502 
4.500000 4.100000 -3.510362 
4.500000 4.200000 -2.863561 
4.500000 4.300000 -2.086214 
4.500000 4.400000 -1.145303 
4.500000 4.500000 -0.000000 
4.500000 4.600000 1.396960 
4.500000 4.700000 3.092842 
4.500000 4.800000 5.118405 
4.500000 4.900000 7.456325 
4.500000 5.000000 10.000000 

4.600000 0.000000 10.000000 
4.600000 0.100000 6.829516 
4.600000 0.200000 4.049751 
4.600000 0.300000 1.785648 
4.600000 0.400000 -0.000000 
4.600000 0.500000 -1.396960 
4.600000 0.600000 -2.495000 
4.600000 0.700000 -3.367381 
4.600000 0.800000 -4.069441 
4.600000 0.900000 -4.641745 
4.600000 1.000000 -5.113806 
4.600000 1.100000 -5.507173 
4.600000 1.200000 -5.837713 
4.600000 1.300000 -6.117242 
4.600000 1.400000 -6.354664 
4.600000 1.500000 -6.556756 
4.600000 1.600000 -6.728732 
4.600000 1.700000 -6.874633 
4.600000 1.800000 -6.997609 
4.600000 1.900000 -7.100119 
4.600000 2.000000 -7.184080 
4.600000 2.100000 -7.250976 
4.600000 2.200000 -7.301930 
4.600000 2.300000 -7.337768 
4.600000 2.400000 -7.359053 
4.600000 2.500000 -7.366112 
4.600000 2.600000 -7.359053 
4.600000 2.700000 -7.337768 
4.600000 2.800000 -7.301930 
4.600000 2.900000 -7.250976 
4.600000 3.000000 -7.184080 
4.600000 3.100000 -7.100119 
4.600000 3.200000 -6.997609 
4.600000 3.300000 -6.874633 
4.600000 3.400000 -6.728732 
4.600000 3.500000 -6.556756 
4.600000 3.600000 -6.354664 
4.600000 3.700000 -6.117242 
4.600000 3.800000 -5.837713 
4.600000 3.900000 -5.507173 
4.600000 4.000000 -5.113806 
4.600000 4.100000 -4.641745 
4.600000 4.200000 -4.069441 
4.600000 4.300000 -3.367381 
4.600000 4.400000 -2.495000 
4.600000 4.500000 -1.396960 
4.600000 4.600000 -0.000000 
4.600000 4.700000 1.785648 
4.600000 4.800000 4.049751 
4.600000 4.900000 6.829516 
4.600000 5.000000 10.000000 

4.700000 0.000000 10.000000 
4.700000 0.100000 5.811987 
4.700000 0.200000 2.465434 
4.700000 0.300000 -0.000000 
4.700000 0.400000 -1.785648 
4.700000 0.500000 -3.092842 
4.700000 0.600000 -4.070354 
4.700000 0.700000 -4.818871 
4.700000 0.800000 -5.405077 
4.700000 0.900000 -5.873369 
4.700000 1.000000 -6.253806 
4.700000 1.100000 -6.567170 
4.700000 1.200000 -6.828138 
4.700000 1.300000 -7.047293 
4.700000 1.400000 -7.232407 
4.700000 1.500000 -7.389281 
4.700000 1.600000 -7.522305 
4.700000 1.700000 -7.634838 
4.700000 1.800000 -7.729469 
4.700000 1.900000 -7.808205 
4.700000 2.000000 -7.872598 
4.700000 2.100000 -7.923844 
4.700000 2.200000 -7.962843 
4.700000 2.300000 -7.990254 
4.700000 2.400000 -8.006527 
4.700000 2.500000 -8.011923 
4.700000 2.600000 -8.006527 
4.700000 2.700000 -7.990254 
4.700000 2.800000 -7.962843 
4.700000 2.900000 -7.923844 
4.700000 3.000000 -7.872598 
4.700000 3.100000 -7.808205 
4.700000 3.200000 -7.729469 
4.700000 3.300000 -7.634838 
4.700000 3.400000 -7.522305 
4.700000 3.500000 -7.389281 
4.700000 3.600000 -7.232407 
4.700000 3.700000 -7.047293 
4.700000 3.800000 -6.828138 
4.700000 3.900000 -6.567170 
4.700000 4.000000 -6.253806 
4.700000 4.100000 -5.873369 
4.700000 4.200000 -5.405077 
4.700000 4.300000 -4.818871 
4.700000 4.400000 -4.070354 
4.700000 4.500000 -3.092842 
4.700000 4.600000 -1.785648 
4.700000 4.700000 0.000000 
4.700000 4.800000 2.465434 
4.700000 4.900000 5.811987 
4.700000 5.000000 10.000000 

4.800000 0.000000 10.000000 
4.800000 0.100000 3.952997 
4.800000 0.200000 -0.000000 
4.800000 0.300000 -2.465434 
4.800000 0.400000 -4.049751 
4.800000 0.500000 -5.118405 
4.800000 0.600000 -5.874703 
4.800000 0.700000 -6.432672 
4.800000 0.800000 -6.858626 
4.800000 0.900000 -7.192847 
4.800000 1.000000 -7.460880 
4.800000 1.100000 -7.679562 
4.800000 1.200000 -7.860376 
4.800000 1.300000 -8.011385 
4.800000 1.400000 -8.138391 
4.800000 1.500000 -8.245657 
4.800000 1.600000 -8.336370 
4.800000 1.700000 -8.412944 
4.800000 1.800000 -8.477224 
4.800000 1.900000 -8.530633 
4.800000 2.000000 -8.574265 
4.800000 2.100000 -8.608958 
4.800000 2.200000 -8.635342 
4.800000 2.300000 -8.653879 
4.800000 2.400000 -8.664880 
4.800000 2.500000 -8.668527 
4.800000 2.600000 -8.664880 
4.800000 2.700000 -8.653879 
4.800000 2.800000 -8.635342 
4.800000 2.900000 -8.608958 
4.800000 3.000000 -8.574265 
4.800000 3.100000 -8.530633 
4.800000 3.200000 -8.477224 
4.800000 3.300000 -8.412944 
4.800000 3.400000 -8.336370 
4.800000 3.500000 -8.245657 
4.800000 3.600000 -8.138391 
4.800000 3.700000 -8.011385 
4.800000 3.800000 -7.860376 
4.800000 3.900000 -7.679562 
4.800000 4.000000 -7.460880 
4.800000 4.100000 -7.192847 
4.800000 4.200000 -6.858626 
4.800000 4.300000 -6.432672 
4.800000 4.400000 -5.874703 
4.800000 4.500000 -5.118405 
4.800000 4.600000 -4.049751 
4.800000 4.700000 -2.465434 
4.800000 4.800000 0.000000 
4.800000 4.900000 3.952997 
4.800000 5.000000 10.000000 

4.900000 0.000000 10.000000 
4.900000 0.100000 -0.000000 
4.900000 0.200000 -3.952997 
4.900000 0.300000 -5.811987 
4.900000 0.400000 -6.829516 
4.900000 0.500000 -7.456325 
4.900000 0.600000 -7.877379 
4.900000 0.700000 -8.178490 
4.900000 0.800000 -8.403908 
4.900000 0.900000 -8.578515 
4.900000 1.000000 -8.717304 
4.900000 1.100000 -8.829821 
4.900000 1.200000 -8.922419 
4.900000 1.300000 -8.999480 
4.900000 1.400000 -9.064114 
4.900000 1.500000 -9.118587 
4.900000 1.600000 -9.164575 
4.900000 1.700000 -9.203343 
4.900000 1.800000 -9.235851 
4.900000 1.900000 -9.262839 
4.900000 2.000000 -9.284871 
4.900000 2.100000 -9.302380 
4.900000 2.200000 -9.315690 
4.900000 2.300000 -9.325039 
4.900000 2.400000 -9.330586 
4.900000 2.500000 -9.332425 
4.900000 2.600000 -9.330586 
4.900000 2.700000 -9.325039 
4.900000 2.800000 -9.315690 
4.900000 2.900000 -9.302380 
4.900000 3.000000 -9.284871 
4.900000 3.100000 -9.262839 
4.900000 3.200000 -9.235851 
4.900000 3.300000 -9.203343 
4.900000 3.400000 -9.164575 
4.900000 3.500000 -9.118587 
4.900000 3.600000 -9.064114 
4.900000 3.700000 -8.999480 
4.900000 3.800000 -8.922419 
4.900000 3.900000 -8.829821 
4.900000 4.000000 -8.717304 
4.900000 4.100000 -8.578515 
4.900000 4.200000 -8.403908 
4.900000 4.300000 -8.178490 
4.900000 4.400000 -7.877379 
4.900000 4.500000 -7.456325 
4.900000 4.600000 -6.829516 
4.900000 4.700000 -5.811987 
4.900000 4.800000 -3.952997 
4.900000 4.900000 0.000000 
4.900000 5.000000 10.000000 

5.000000 0.000000 10.000000 
5.000000 0.100000 -10.000000 
5.000000 0.200000 -10.000000 
5.000000 0.300000 -10.000000 
5.000000 0.400000 -10.000000 
5.000000 0.500000 -10.000000 
5.000000 0.600000 -10.000000 
5.000000 0.700000 -10.000000 
5.000000 0.800000 -10.000000 
5.000000 0.900000 -10.000000 
5.000000 1.000000 -10.000000 
5.000000 1.100000 -10.000000 
5.000000 1.200000 -10.000000 
5.000000 1.300000 -10.000000 
5.000000 1.400000 -10.000000 
5.000000 1.500000 -10.000000 
5.000000 1.600000 -10.000000 
5.000000 1.700000 -10.000000 
5.000000 1.800000 -10.000000 
5.000000 1.900000 -10.000000 
5.000000 2.000000 -10.000000 
5.000000 2.100000 -10.000000 
5.000000 2.200000 -10.000000 
5.000000 2.300000 -10.000000 
5.000000 2.400000 -10.000000 
5.000000 2.500000 -10.000000 
5.000000 2.600000 -10.000000 
5.000000 2.700000 -10.000000 
5.000000 2.800000 -10.000000 
5.000000 2.900000 -10.000000 
5.000000 3.000000 -10.000000 
5.000000 3.100000 -10.000000 
5.000000 3.200000 -10.000000 
5.000000 3.300000 -10.000000 
5.000000 3.400000 -10.000000 
5.000000 3.500000 -10.000000 
5.000000 3.600000 -10.000000 
5.000000 3.700000 -10.000000 
5.000000 3.800000 -10.000000 
5.000000 3.900000 -10.000000 
5.000000 4.000000 -10.000000 
5.000000 4.100000 -10.000000 
5.000000 4.200000 -10.000000 
5.000000 4.300000 -10.000000 
5.000000 4.400000 -10.000000 
5.000000 4.500000 -10.000000 
5.000000 4.600000 -10.000000 
5.000000 4.700000 -10.000000 
5.000000 4.800000 -10.000000 
5.000000 4.900000 -10.000000 
5.000000 5.000000 10.000000 
